

TREE # 1

  0  0.0000   4120.790437  x:  0.06312   0.05415   0.03742   0.04566   0.06409   0.07745   0.07648   0.10700   0.03333   0.04973   0.08167   0.02248   0.09131   0.08509   0.08149   0.07088   0.02759   0.04564   0.01989   0.06623   0.06822   0.06966   0.07283   0.10333   0.03325   0.05284   0.01047   0.02734   0.01414   0.06839   0.02212   1.00000  
  1 99.0000   3895.618743  x:  0.09183   0.04168   0.00000   0.02040   0.03916   0.03841   0.04414   0.07798   0.01716   0.05235   0.05198   0.02330   0.06522   0.08991   0.09501   0.06480   0.04460   0.03338   0.03985   0.07716   0.05346   0.04387   0.07107   0.07278   0.05706   0.05140   0.12010   0.12105   0.11659   0.08722   0.36163   0.99560  
  2 3202.9406   3851.285498  x:  0.09105   0.02190   0.00000   0.01521   0.02540   0.00000   0.01899   0.05512   0.02992   0.05834   0.02724   0.03578   0.04225   0.09677   0.10639   0.06309   0.04879   0.02998   0.04059   0.08588   0.04712   0.02319   0.07661   0.04468   0.06291   0.05212   0.10818   0.11860   0.10367   0.09539   0.36780   0.98942  
  3 634.1238   3833.200733  x:  0.08808   0.00270   0.00000   0.02484   0.02220   0.00000   0.01212   0.03471   0.01228   0.05691   0.00360   0.02979   0.01580   0.09813   0.11112   0.05844   0.04711   0.02875   0.03823   0.08779   0.04120   0.00976   0.07893   0.01356   0.06351   0.04810   0.09699   0.11450   0.08813   0.09931   0.37499   0.98269  
  4 979.4529   3831.403119  x:  0.08729   0.00000   0.00000   0.02579   0.02207   0.00000   0.01366   0.03225   0.01392   0.05617   0.00523   0.02911   0.01211   0.09796   0.11142   0.05737   0.04649   0.02892   0.03792   0.08758   0.04018   0.01024   0.07898   0.00972   0.06339   0.04716   0.09555   0.11364   0.08509   0.09962   0.37697   0.98136  
  5 443.3694   3830.188669  x:  0.08508   0.00000   0.00000   0.02461   0.02183   0.00000   0.01446   0.02999   0.01600   0.05419   0.00198   0.02894   0.00925   0.09732   0.11158   0.05488   0.04482   0.02927   0.03722   0.08635   0.03841   0.01490   0.07860   0.01030   0.06285   0.04548   0.09314   0.11119   0.07706   0.09987   0.38160   0.97782  
  6 254.3378   3828.235619  x:  0.07992   0.00000   0.00000   0.02155   0.02016   0.00000   0.00988   0.02599   0.01342   0.05068   0.00459   0.03030   0.00694   0.09646   0.11262   0.04968   0.04183   0.02939   0.03576   0.08402   0.03486   0.01931   0.07774   0.01353   0.06179   0.04260   0.08719   0.10524   0.05784   0.10089   0.39209   0.96906  
  7 502.8413   3826.677713  x:  0.07460   0.00000   0.00000   0.01962   0.01909   0.00000   0.01315   0.02657   0.01361   0.04882   0.00397   0.03157   0.01196   0.09579   0.11353   0.04622   0.04037   0.02804   0.03456   0.08183   0.03340   0.01502   0.07619   0.01345   0.06029   0.04122   0.08149   0.09920   0.03975   0.10204   0.40260   0.95926  
  8 368.9318   3826.253133  x:  0.07201   0.00000   0.00000   0.02184   0.02092   0.00000   0.01079   0.02972   0.01554   0.04900   0.00363   0.03029   0.01115   0.09447   0.11252   0.04665   0.04081   0.02773   0.03458   0.08048   0.03482   0.01342   0.07488   0.01377   0.05919   0.04159   0.07950   0.09622   0.03580   0.10246   0.40612   0.95315  
  9 134.0335   3825.676960  x:  0.06711   0.00000   0.00000   0.02091   0.01883   0.00000   0.01249   0.03112   0.01443   0.05171   0.00373   0.03163   0.00802   0.09207   0.11026   0.04985   0.04338   0.02814   0.03577   0.07921   0.03742   0.01337   0.07284   0.01517   0.05822   0.04367   0.07518   0.08954   0.03595   0.10446   0.40987   0.93594  
 10 99.6097   3824.781691  x:  0.06122   0.00000   0.00000   0.02123   0.01948   0.00000   0.01083   0.02740   0.01462   0.05359   0.00363   0.03119   0.01323   0.08920   0.10647   0.05259   0.04430   0.02882   0.03570   0.07772   0.03740   0.01635   0.07051   0.01252   0.05719   0.04443   0.06947   0.07942   0.04035   0.10724   0.41398   0.90028  
 11 196.5451   3821.366089  x:  0.06221   0.00000   0.00000   0.01807   0.02217   0.00000   0.01163   0.02812   0.01654   0.04848   0.00358   0.03126   0.01059   0.08453   0.09633   0.04794   0.03580   0.02478   0.02997   0.07775   0.02767   0.00858   0.06986   0.01776   0.05746   0.04096   0.06616   0.06078   0.05104   0.11031   0.41739   0.75010  
 12 250.2637   3815.525694  x:  0.07397   0.00000   0.00000   0.02177   0.01504   0.00000   0.01130   0.03348   0.01633   0.04420   0.00361   0.03170   0.01240   0.08262   0.08872   0.04309   0.03390   0.02588   0.03279   0.07917   0.03226   0.01144   0.07094   0.01545   0.05818   0.03720   0.06818   0.04875   0.05212   0.10966   0.41967   0.50946  
 13 1079.5287   3814.365494  x:  0.07634   0.00000   0.00000   0.01827   0.02159   0.00000   0.01201   0.03114   0.01585   0.04598   0.00393   0.03086   0.01185   0.08245   0.08929   0.04527   0.03702   0.02614   0.03271   0.07804   0.03249   0.01138   0.07037   0.01583   0.05727   0.03879   0.06837   0.05041   0.05019   0.10819   0.41973   0.45125  
 14 757.2882   3814.083114  x:  0.07467   0.00000   0.00000   0.01919   0.01887   0.00000   0.01183   0.02967   0.01655   0.04700   0.00395   0.02864   0.01191   0.08191   0.09063   0.04744   0.03694   0.02515   0.03086   0.07562   0.03039   0.01075   0.06888   0.01701   0.05559   0.04002   0.06788   0.05393   0.04983   0.10648   0.41928   0.43718  
 15 123.6796   3813.962267  x:  0.07082   0.00000   0.00000   0.01826   0.01860   0.00000   0.01128   0.03031   0.01628   0.04639   0.00376   0.03044   0.01162   0.08139   0.09176   0.04737   0.03492   0.02521   0.03127   0.07395   0.03056   0.01034   0.06749   0.01562   0.05467   0.03926   0.06731   0.05714   0.05052   0.10465   0.41870   0.43107  
 16 45.9143   3813.925398  x:  0.06928   0.00194   0.00000   0.01859   0.01863   0.00000   0.01131   0.03010   0.01624   0.04622   0.00372   0.03051   0.01156   0.08160   0.09205   0.04672   0.03536   0.02488   0.03142   0.07444   0.03067   0.01017   0.06775   0.01576   0.05524   0.03910   0.06720   0.05776   0.05066   0.10430   0.41857   0.42990  
 17 27.0594   3813.891453  x:  0.06692   0.00129   0.00000   0.01868   0.01856   0.00000   0.01130   0.03018   0.01614   0.04596   0.00368   0.02997   0.01146   0.08223   0.09254   0.04566   0.03603   0.02461   0.03158   0.07565   0.03077   0.00995   0.06862   0.01583   0.05627   0.03893   0.06635   0.05886   0.05094   0.10381   0.41851   0.42801  
 18 23.7801   3813.869547  x:  0.06664   0.00138   0.00000   0.01884   0.01849   0.00000   0.01119   0.03028   0.01594   0.04645   0.00356   0.03008   0.01136   0.08275   0.09230   0.04593   0.03582   0.02586   0.03109   0.07669   0.03030   0.00969   0.06953   0.01548   0.05628   0.03919   0.06639   0.05888   0.05050   0.10438   0.41863   0.42719  
 19  7.2534   3813.834391  x:  0.06740   0.00126   0.00000   0.01910   0.01845   0.00000   0.01097   0.02966   0.01556   0.04678   0.00339   0.03047   0.01112   0.08334   0.09209   0.04667   0.03533   0.02453   0.03133   0.07760   0.03047   0.00946   0.07027   0.01488   0.05604   0.03928   0.06641   0.05842   0.04973   0.10591   0.41872   0.42600  
 20 11.8163   3813.818432  x:  0.06839   0.00139   0.00000   0.01875   0.01821   0.00000   0.01078   0.02940   0.01551   0.04636   0.00330   0.03000   0.01101   0.08333   0.09267   0.04642   0.03582   0.02484   0.03169   0.07716   0.03056   0.00899   0.06981   0.01465   0.05632   0.03906   0.06603   0.05789   0.04967   0.10674   0.41869   0.42562  
 21 10.9344   3813.811923  x:  0.06891   0.00134   0.00000   0.01917   0.01831   0.00000   0.01081   0.02947   0.01540   0.04647   0.00324   0.03043   0.01097   0.08334   0.09341   0.04610   0.03608   0.02490   0.03154   0.07684   0.03033   0.00901   0.06952   0.01461   0.05663   0.03915   0.06565   0.05767   0.04978   0.10702   0.41877   0.42546  
 22 10.4784   3813.808314  x:  0.06917   0.00148   0.00000   0.01900   0.01832   0.00000   0.01080   0.02967   0.01535   0.04682   0.00327   0.03019   0.01094   0.08341   0.09404   0.04593   0.03578   0.02479   0.03131   0.07685   0.03050   0.00914   0.06960   0.01449   0.05672   0.03933   0.06546   0.05738   0.04988   0.10692   0.41886   0.42551  
 23  3.9389   3813.796315  x:  0.06944   0.00151   0.00000   0.01931   0.01843   0.00000   0.01090   0.02927   0.01543   0.04669   0.00325   0.03018   0.01089   0.08357   0.09529   0.04631   0.03537   0.02507   0.03172   0.07707   0.03080   0.00889   0.07010   0.01486   0.05628   0.03923   0.06527   0.05670   0.05011   0.10589   0.41907   0.42571  
 24  3.2247   3813.762675  x:  0.06990   0.00170   0.00000   0.01898   0.01830   0.00000   0.01077   0.02995   0.01529   0.04609   0.00325   0.03029   0.01082   0.08377   0.09618   0.04730   0.03631   0.02471   0.03173   0.07742   0.02990   0.00918   0.07070   0.01424   0.05579   0.03886   0.06524   0.05576   0.05019   0.10374   0.41917   0.42648  
 25  7.4723   3813.473046  x:  0.07226   0.00130   0.00000   0.01858   0.01781   0.00000   0.01036   0.02783   0.01560   0.04736   0.00312   0.03165   0.01051   0.08412   0.09327   0.04614   0.03752   0.02468   0.02987   0.07746   0.03156   0.00852   0.06944   0.01296   0.05741   0.04059   0.06505   0.05590   0.04942   0.09427   0.41854   0.43237  
 26  9.6606   3812.595550  x:  0.07481   0.00203   0.00000   0.01898   0.01857   0.00000   0.01091   0.02816   0.01596   0.05369   0.00341   0.03006   0.01011   0.08745   0.09382   0.04607   0.03629   0.02526   0.03885   0.07922   0.02703   0.00915   0.06873   0.01129   0.05928   0.04109   0.06247   0.06398   0.04698   0.09173   0.41417   0.45113  
 27 29.7282   3810.337770  x:  0.07298   0.00129   0.00000   0.01948   0.02048   0.00000   0.01266   0.02662   0.01718   0.05019   0.00448   0.03047   0.00853   0.09450   0.10727   0.05150   0.04012   0.02679   0.03229   0.08190   0.03404   0.01121   0.07331   0.00725   0.05765   0.03847   0.06507   0.08559   0.04264   0.10334   0.40122   0.49748  
 28 110.6100   3810.190659  x:  0.07097   0.00033   0.00000   0.01950   0.02051   0.00000   0.01262   0.02616   0.01718   0.04926   0.00449   0.03055   0.00836   0.09351   0.10928   0.05028   0.04044   0.02675   0.03350   0.08071   0.03341   0.01130   0.07436   0.00621   0.05766   0.04238   0.06929   0.08544   0.04188   0.10414   0.39952   0.50008  
 29 43.3362   3810.176276  x:  0.07046   0.00000   0.00000   0.01952   0.02047   0.00000   0.01261   0.02600   0.01719   0.05016   0.00448   0.03054   0.00833   0.09306   0.10967   0.05012   0.04065   0.02674   0.03351   0.08041   0.03336   0.01119   0.07440   0.00619   0.05788   0.04148   0.07044   0.08517   0.04169   0.10412   0.39922   0.50019  
 30 13.3539   3810.175449  x:  0.07046   0.00000   0.00000   0.01953   0.02048   0.00000   0.01262   0.02599   0.01718   0.05007   0.00449   0.03052   0.00834   0.09276   0.10977   0.05034   0.04054   0.02675   0.03350   0.08067   0.03334   0.01120   0.07420   0.00618   0.05819   0.04149   0.07050   0.08519   0.04162   0.10411   0.39919   0.50018  
 31  0.8649   3810.164123  x:  0.07077   0.00000   0.00000   0.01949   0.02040   0.00000   0.01259   0.02595   0.01724   0.05026   0.00450   0.03060   0.00842   0.09121   0.10999   0.04965   0.04087   0.02673   0.03350   0.08174   0.03333   0.01121   0.07408   0.00625   0.05717   0.04154   0.07037   0.08555   0.04162   0.10416   0.39894   0.49995  
 32  0.5586   3809.755907  x:  0.07424   0.00000   0.00000   0.01978   0.01949   0.00000   0.01293   0.02639   0.01878   0.05056   0.00522   0.03145   0.00863   0.08898   0.11198   0.04971   0.04180   0.02719   0.03491   0.07877   0.03439   0.01150   0.08126   0.00903   0.06072   0.04229   0.07221   0.08913   0.04015   0.10465   0.39027   0.49069  
 33  1.7341   3809.559876  x:  0.07425   0.00000   0.00000   0.02005   0.01916   0.00000   0.01318   0.02648   0.01937   0.05073   0.00558   0.03134   0.00807   0.09492   0.11412   0.04867   0.04247   0.02743   0.03522   0.08164   0.03455   0.01202   0.07603   0.01039   0.05940   0.04285   0.07608   0.08895   0.03953   0.10489   0.38576   0.48606  
 34 27.8499   3809.060471  x:  0.07735   0.00000   0.00000   0.02113   0.01812   0.00000   0.01367   0.02767   0.01974   0.04935   0.00651   0.02926   0.00749   0.09307   0.11143   0.04685   0.04184   0.02739   0.03541   0.07965   0.03565   0.01275   0.07491   0.00735   0.05877   0.04060   0.07324   0.09157   0.03804   0.09991   0.36816   0.45584  
 35  0.0356   3808.106098  x:  0.06592   0.00000   0.00000   0.02013   0.01968   0.00000   0.01324   0.02560   0.01905   0.04780   0.00796   0.02682   0.00702   0.09000   0.11007   0.04672   0.03997   0.02539   0.03250   0.07525   0.03340   0.01161   0.06893   0.00769   0.05564   0.04080   0.06573   0.09657   0.03929   0.09929   0.31669   0.46987  
 36  0.0233   3808.102163  x:  0.06577   0.00075   0.00000   0.02012   0.01970   0.00000   0.01323   0.02557   0.01904   0.04778   0.00798   0.02679   0.00701   0.08996   0.11005   0.04672   0.03994   0.02536   0.03246   0.07519   0.03337   0.01160   0.06884   0.00769   0.05560   0.04080   0.06562   0.09664   0.03931   0.09928   0.31597   0.47007  
 37 15.4034   3807.612015  x:  0.06825   0.00094   0.00000   0.01804   0.01822   0.00000   0.01222   0.02438   0.01769   0.04723   0.00773   0.02896   0.00807   0.08693   0.10336   0.04508   0.03820   0.02481   0.03153   0.07407   0.03139   0.01135   0.06907   0.00713   0.05427   0.03899   0.06453   0.08331   0.03545   0.09628   0.29191   0.47553  
 38  0.0198   3807.531055  x:  0.06906   0.00076   0.00000   0.01866   0.01796   0.00000   0.01214   0.02518   0.01711   0.04645   0.00707   0.02778   0.00746   0.08598   0.10193   0.04483   0.03791   0.02504   0.03163   0.07388   0.03174   0.01121   0.06889   0.00765   0.05383   0.03864   0.06535   0.07845   0.03645   0.09466   0.29345   0.47600  
 39  0.0074   3807.506538  x:  0.06895   0.00108   0.00000   0.01900   0.01777   0.00000   0.01233   0.02502   0.01755   0.04617   0.00632   0.02762   0.00750   0.08622   0.10245   0.04500   0.03820   0.02515   0.03178   0.07428   0.03231   0.01144   0.06880   0.00761   0.05403   0.03874   0.06421   0.07782   0.03697   0.09476   0.29284   0.47306  
 40  0.0023   3807.499297  x:  0.06847   0.00088   0.00000   0.01910   0.01797   0.00000   0.01237   0.02505   0.01751   0.04616   0.00590   0.02758   0.00748   0.08595   0.10249   0.04482   0.03815   0.02507   0.03157   0.07388   0.03212   0.01127   0.06875   0.00759   0.05381   0.03860   0.06440   0.07840   0.03636   0.09462   0.29151   0.47360  
 41  0.0016   3807.498531  x:  0.06869   0.00081   0.00000   0.01906   0.01795   0.00000   0.01232   0.02507   0.01751   0.04629   0.00585   0.02774   0.00752   0.08606   0.10244   0.04483   0.03811   0.02508   0.03164   0.07395   0.03200   0.01124   0.06873   0.00759   0.05389   0.03863   0.06461   0.07856   0.03647   0.09476   0.29149   0.47368  
 42  0.0006   3807.498480  x:  0.06870   0.00080   0.00000   0.01905   0.01793   0.00000   0.01231   0.02503   0.01749   0.04627   0.00585   0.02772   0.00751   0.08605   0.10239   0.04483   0.03809   0.02508   0.03164   0.07393   0.03198   0.01125   0.06870   0.00759   0.05388   0.03863   0.06460   0.07861   0.03642   0.09472   0.29150   0.47362  
 43  0.0002   3807.498476  x:  0.06870   0.00080   0.00000   0.01905   0.01793   0.00000   0.01231   0.02504   0.01748   0.04627   0.00585   0.02772   0.00751   0.08605   0.10238   0.04483   0.03809   0.02508   0.03164   0.07393   0.03198   0.01125   0.06869   0.00759   0.05388   0.03864   0.06460   0.07863   0.03642   0.09471   0.29148   0.47360  
 44  0.0001   3807.498476  x:  0.06870   0.00080   0.00000   0.01905   0.01793   0.00000   0.01231   0.02504   0.01748   0.04627   0.00585   0.02772   0.00751   0.08605   0.10238   0.04483   0.03809   0.02508   0.03164   0.07393   0.03198   0.01125   0.06870   0.00759   0.05388   0.03864   0.06460   0.07863   0.03643   0.09471   0.29148   0.47358  
 45  0.0000   3807.498476  x:  0.06870   0.00080   0.00000   0.01905   0.01793   0.00000   0.01231   0.02504   0.01748   0.04627   0.00585   0.02772   0.00751   0.08605   0.10238   0.04483   0.03809   0.02508   0.03164   0.07393   0.03198   0.01125   0.06869   0.00759   0.05388   0.03864   0.06460   0.07863   0.03643   0.09471   0.29148   0.47358  
 46  0.0000   3807.498476  x:  0.06870   0.00080   0.00000   0.01905   0.01793   0.00000   0.01231   0.02504   0.01748   0.04627   0.00585   0.02772   0.00751   0.08605   0.10238   0.04483   0.03809   0.02508   0.03164   0.07393   0.03198   0.01125   0.06869   0.00759   0.05388   0.03864   0.06460   0.07863   0.03643   0.09471   0.29148   0.47358  
 47  0.0000   3807.498476  x:  0.06870   0.00080   0.00000   0.01905   0.01793   0.00000   0.01231   0.02504   0.01748   0.04627   0.00585   0.02772   0.00751   0.08605   0.10238   0.04483   0.03809   0.02508   0.03164   0.07393   0.03198   0.01125   0.06869   0.00759   0.05388   0.03864   0.06460   0.07863   0.03643   0.09471   0.29148   0.47358  
 48  0.0000   3807.498476  x:  0.06870   0.00080   0.00000   0.01905   0.01793   0.00000   0.01231   0.02504   0.01748   0.04627   0.00585   0.02772   0.00751   0.08605   0.10238   0.04483   0.03809   0.02508   0.03164   0.07393   0.03198   0.01125   0.06869   0.00759   0.05388   0.03864   0.06460   0.07863   0.03643   0.09471   0.29148   0.47358  