

TREE # 1

  0  0.0000   2407.363455  x:  0.09187   0.07499   0.01765   0.05263   0.05951   0.02840   0.06356   0.02860   0.07454   0.09126   0.03612   0.06600   0.07032   0.02321   0.06153   0.02486   0.02498   0.09453   0.01147   0.09400   0.10937   0.01046   0.01889   0.07630   0.01253   0.02592   0.02689   0.03575   0.07450   0.03683   0.08791   1.00000  
  1 99.0000   2318.116929  x:  0.08219   0.06474   0.00721   0.04225   0.04914   0.01798   0.05320   0.01817   0.06420   0.08095   0.02573   0.05711   0.06000   0.01481   0.05198   0.01443   0.01455   0.08423   0.00104   0.08369   0.09954   0.00000   0.00845   0.06596   0.00208   0.01549   0.02167   0.02736   0.11375   0.02699   0.08002   0.99461  
  2 1395.3251   2310.767644  x:  0.08124   0.06373   0.00618   0.04123   0.04811   0.01695   0.05217   0.01714   0.06318   0.07993   0.02470   0.05623   0.05897   0.01407   0.05104   0.01340   0.01351   0.08321   0.00000   0.08267   0.09857   0.00000   0.00741   0.06493   0.00104   0.01446   0.02121   0.02654   0.11556   0.02602   0.07925   0.99426  
  3 14763.2848   2303.040822  x:  0.08032   0.06286   0.00556   0.04052   0.04739   0.01631   0.05143   0.01649   0.06240   0.07911   0.02404   0.05495   0.05816   0.00000   0.04963   0.01277   0.01289   0.08238   0.00000   0.08186   0.09781   0.00000   0.00678   0.06415   0.00044   0.01382   0.01568   0.02291   0.11673   0.02440   0.07868   0.97888  
  4 464.5857   2296.683940  x:  0.07957   0.06216   0.00511   0.03998   0.04683   0.01584   0.05085   0.01602   0.06180   0.07846   0.02355   0.05380   0.05763   0.00012   0.04850   0.01232   0.01244   0.08172   0.00000   0.08123   0.09721   0.00000   0.00633   0.06354   0.00000   0.01335   0.01043   0.01939   0.11751   0.02293   0.07825   0.96337  
  5 873.8691   2260.033140  x:  0.07512   0.05801   0.00194   0.03624   0.04300   0.01250   0.04689   0.01265   0.05767   0.07404   0.02010   0.04667   0.05383   0.00019   0.04134   0.00910   0.00922   0.07728   0.00000   0.07690   0.09315   0.00000   0.00306   0.05935   0.00000   0.01004   0.01190   0.00000   0.12228   0.01407   0.07556   0.86979  
  6 3443.0073   2244.094796  x:  0.07354   0.05568   0.00000   0.03406   0.04078   0.01050   0.04462   0.01064   0.05532   0.07157   0.01805   0.04385   0.05140   0.00023   0.03813   0.00715   0.00726   0.07479   0.00000   0.07448   0.09093   0.00000   0.00109   0.05697   0.00000   0.00805   0.01240   0.00000   0.12444   0.01551   0.07587   0.82650  
  7 17972.3170   2237.109157  x:  0.07304   0.05456   0.00000   0.03293   0.03964   0.00941   0.04346   0.00955   0.05415   0.07036   0.01696   0.04446   0.04964   0.00024   0.03777   0.00607   0.00618   0.07358   0.00000   0.07330   0.09003   0.00000   0.00000   0.05579   0.00000   0.00697   0.01249   0.00000   0.12527   0.01535   0.07585   0.80902  
  8 11553.5549   2199.260629  x:  0.07013   0.04820   0.00000   0.02654   0.03319   0.00330   0.03691   0.00340   0.04748   0.06350   0.01082   0.04878   0.03963   0.00031   0.03606   0.00000   0.00012   0.06670   0.00000   0.06660   0.08491   0.00000   0.00000   0.04907   0.00000   0.00087   0.01304   0.00000   0.13003   0.01438   0.07588   0.70884  
  9 1584392.8952   2198.615572  x:  0.07008   0.04808   0.00000   0.02643   0.03307   0.00319   0.03679   0.00329   0.04736   0.06338   0.01071   0.04885   0.03945   0.00031   0.03603   0.00000   0.00000   0.06658   0.00000   0.06648   0.08482   0.00000   0.00000   0.04895   0.00000   0.00076   0.01305   0.00000   0.13011   0.01437   0.07587   0.70715  
 10 58856.2618   2198.615572  x:  0.07008   0.04808   0.00000   0.02643   0.03307   0.00319   0.03679   0.00329   0.04736   0.06338   0.01071   0.04885   0.03945   0.00031   0.03603   0.00000   0.00000   0.06658   0.00000   0.06648   0.08482   0.00000   0.00000   0.04895   0.00000   0.00076   0.01305   0.00000   0.13011   0.01437   0.07587   0.70715  
 11 440250945.4368   2193.599030  x:  0.06940   0.04735   0.00000   0.02567   0.03232   0.00243   0.03604   0.00253   0.04662   0.06263   0.00995   0.04822   0.03873   0.00464   0.03539   0.00000   0.00000   0.06583   0.00000   0.06573   0.08411   0.00000   0.00000   0.04820   0.00000   0.00000   0.01293   0.00000   0.13123   0.01376   0.07533   0.70695  
 12 1893.8684   2181.288555  x:  0.06724   0.04499   0.00000   0.02326   0.02991   0.00000   0.03363   0.00010   0.04421   0.06024   0.00753   0.04621   0.03634   0.00469   0.03327   0.00000   0.00000   0.06344   0.00000   0.06334   0.08185   0.00000   0.00000   0.04580   0.00000   0.00000   0.01254   0.00000   0.13473   0.01180   0.07360   0.70631  
 13 1835.5372   2180.652143  x:  0.06715   0.04489   0.00000   0.02316   0.02981   0.00000   0.03354   0.00000   0.04412   0.06015   0.00744   0.04612   0.03625   0.00469   0.03317   0.00000   0.00000   0.06335   0.00000   0.06325   0.08176   0.00000   0.00000   0.04571   0.00000   0.00000   0.01250   0.00000   0.13527   0.01167   0.07353   0.70619  
 14 2998.2023   2145.182762  x:  0.06030   0.03768   0.00000   0.01558   0.02222   0.00000   0.02584   0.00000   0.03638   0.05228   0.00000   0.03806   0.02883   0.00479   0.02375   0.00000   0.00000   0.05543   0.00000   0.05533   0.07425   0.00000   0.00000   0.03792   0.00000   0.00000   0.03612   0.00000   0.14714   0.00579   0.06986   0.66634  
 15 398.6237   2081.436787  x:  0.04808   0.02386   0.00000   0.00171   0.00834   0.00000   0.01180   0.00000   0.02225   0.03793   0.00000   0.02487   0.01521   0.00496   0.00871   0.00000   0.00000   0.04101   0.00000   0.04091   0.06076   0.00000   0.00000   0.02372   0.00000   0.00000   0.04130   0.00000   0.16226   0.00000   0.06385   0.59445  
 16 3853.9764   2074.279365  x:  0.04581   0.02251   0.00000   0.00046   0.00708   0.00000   0.01050   0.00000   0.02093   0.03656   0.00000   0.02173   0.01397   0.00502   0.00080   0.00000   0.00000   0.03961   0.00000   0.03951   0.05933   0.00000   0.00000   0.02238   0.00000   0.00000   0.04161   0.00000   0.16423   0.00000   0.06301   0.58303  
 17 2929.7262   2063.676137  x:  0.03371   0.02149   0.00000   0.00027   0.00680   0.00000   0.01012   0.00000   0.02038   0.03576   0.00000   0.00257   0.01383   0.00502   0.00087   0.00000   0.00000   0.03875   0.00000   0.03866   0.05713   0.00000   0.00000   0.02181   0.00000   0.00000   0.04160   0.00000   0.16766   0.00000   0.05879   0.55258  
 18 628.3352   2058.194820  x:  0.02274   0.02048   0.00000   0.00000   0.00644   0.00000   0.00968   0.00000   0.01980   0.03498   0.00000   0.00064   0.01361   0.00502   0.00085   0.00000   0.00000   0.03791   0.00000   0.03781   0.05504   0.00000   0.00000   0.02120   0.00000   0.00000   0.04176   0.00812   0.17019   0.00000   0.05467   0.52874  
 19 1216.6676   2042.174492  x:  0.00000   0.01810   0.00000   0.00000   0.00536   0.00000   0.00843   0.00000   0.01827   0.03304   0.00000   0.00065   0.01277   0.00502   0.00078   0.00000   0.00000   0.03586   0.00000   0.03577   0.05058   0.00000   0.00000   0.01963   0.00000   0.00000   0.04213   0.00915   0.17504   0.00000   0.04588   0.48246  
 20 3930.1088   2007.250228  x:  0.00000   0.00949   0.00000   0.00000   0.00000   0.00000   0.00258   0.00000   0.01162   0.02525   0.00000   0.00070   0.00845   0.00503   0.00060   0.00000   0.00000   0.02773   0.00000   0.02765   0.03572   0.00000   0.00000   0.01287   0.00000   0.00000   0.04326   0.01182   0.18970   0.00000   0.03035   0.34335  
 21 18425.5986   1996.430341  x:  0.00000   0.00587   0.00000   0.00000   0.00000   0.00000   0.00000   0.00000   0.00890   0.02231   0.00000   0.00070   0.00646   0.00504   0.00056   0.00000   0.00000   0.02473   0.00000   0.02465   0.03258   0.00000   0.00000   0.01012   0.00000   0.00000   0.04353   0.01229   0.19311   0.00000   0.02747   0.31154  
 22 3357.5471   1981.291301  x:  0.00000   0.00000   0.00000   0.00000   0.00000   0.00000   0.00000   0.00000   0.00509   0.01793   0.00000   0.00071   0.00401   0.00505   0.00048   0.00000   0.00000   0.02018   0.00000   0.02011   0.02740   0.00000   0.00000   0.00625   0.00000   0.00000   0.04408   0.01332   0.20062   0.00000   0.02367   0.23994  
 23 5969.4198   1966.016563  x:  0.00000   0.00000   0.00000   0.00000   0.00000   0.00000   0.00000   0.00000   0.00001   0.01257   0.00000   0.00072   0.00000   0.00507   0.00043   0.00000   0.00000   0.01473   0.00000   0.01466   0.02234   0.00000   0.00000   0.00114   0.00000   0.00000   0.04422   0.01392   0.20548   0.00000   0.01960   0.19739  
 24 1914.9563   1965.993573  x:  0.00000   0.00000   0.00000   0.00000   0.00000   0.00000   0.00000   0.00000   0.00000   0.01256   0.00000   0.00072   0.00000   0.00507   0.00043   0.00000   0.00000   0.01472   0.00000   0.01465   0.02233   0.00000   0.00000   0.00114   0.00000   0.00000   0.04422   0.01392   0.20549   0.00000   0.01959   0.19729  
 25 3640.6756   1963.389634  x:  0.00000   0.00000   0.00000   0.00000   0.00000   0.00000   0.00000   0.00000   0.00000   0.01138   0.00000   0.00072   0.00000   0.00509   0.00042   0.00000   0.00000   0.01352   0.00000   0.01345   0.02101   0.00000   0.00000   0.00000   0.00000   0.00000   0.04426   0.01403   0.20642   0.00000   0.01901   0.18981  
 26 2470.2724   1943.204436  x:  0.00000   0.00000   0.00000   0.00000   0.00000   0.00000   0.00000   0.00000   0.00000   0.00000   0.00000   0.00076   0.00000   0.00528   0.00036   0.00000   0.00000   0.00192   0.00000   0.00185   0.00462   0.00000   0.00000   0.00000   0.00000   0.00000   0.04491   0.01544   0.21809   0.00000   0.01371   0.09624  
 27 21432.0510   1941.311834  x:  0.00000   0.00000   0.00000   0.00000   0.00000   0.00000   0.00000   0.00000   0.00000   0.00000   0.00000   0.00076   0.00000   0.00529   0.00036   0.00000   0.00000   0.00007   0.00000   0.00000   0.00405   0.00000   0.00000   0.00000   0.00000   0.00000   0.04495   0.01551   0.21865   0.00000   0.01316   0.09218  
 28 895.8221   1941.284289  x:  0.00000   0.00000   0.00000   0.00000   0.00000   0.00000   0.00000   0.00000   0.00000   0.00000   0.00000   0.00076   0.00000   0.00529   0.00036   0.00000   0.00000   0.00000   0.00000   0.00000   0.00405   0.00000   0.00000   0.00000   0.00000   0.00000   0.04496   0.01551   0.21867   0.00000   0.01314   0.09206  
 29 9346.7499   1940.517755  x:  0.00000   0.00000   0.00000   0.00000   0.00000   0.00000   0.00000   0.00000   0.00000   0.00000   0.00000   0.00075   0.00000   0.00528   0.00036   0.00000   0.00000   0.00000   0.00000   0.00000   0.00147   0.00000   0.00000   0.00000   0.00000   0.00000   0.04482   0.01543   0.21843   0.00000   0.01203   0.09411  
 30 82.9245   1940.043164  x:  0.00000   0.00000   0.00000   0.00000   0.00000   0.00000   0.00000   0.00000   0.00000   0.00000   0.00000   0.00073   0.00000   0.00528   0.00036   0.00000   0.00000   0.00000   0.00000   0.00000   0.00183   0.00000   0.00000   0.00000   0.00000   0.00000   0.04456   0.01529   0.21818   0.00000   0.00812   0.09686  
 31 52.9936   1939.959748  x:  0.00069   0.00000   0.00000   0.00000   0.00000   0.00000   0.00000   0.00000   0.00000   0.00000   0.00000   0.00073   0.00000   0.00528   0.00037   0.00000   0.00000   0.00000   0.00000   0.00000   0.00190   0.00000   0.00000   0.00000   0.00000   0.00000   0.04450   0.01527   0.21814   0.00000   0.00737   0.09737  
 32 443.2522   1925.313317  x:  0.00079   0.00000   0.00000   0.00000   0.00000   0.00000   0.00000   0.00000   0.00000   0.00000   0.00000   0.00030   0.00000   0.00522   0.00084   0.00000   0.00000   0.00000   0.00000   0.00000   0.00086   0.00000   0.00000   0.00000   0.00000   0.00000   0.00548   0.00483   0.22243   0.00000   0.00378   0.04455  
 33  3.8885   1918.947413  x:  0.00076   0.00000   0.00000   0.00000   0.00000   0.00000   0.00000   0.00000   0.00000   0.00000   0.00000   0.00100   0.00000   0.00517   0.00093   0.00000   0.00000   0.00000   0.00000   0.00000   0.00154   0.00000   0.00000   0.00000   0.00000   0.00000   0.00168   0.00812   0.29570   0.00000   0.00612   0.06716  
 34  4.5066   1912.832923  x:  0.00081   0.00000   0.00000   0.00000   0.00000   0.00000   0.00000   0.00000   0.00000   0.00000   0.00000   0.00138   0.00000   0.00510   0.00116   0.00000   0.00000   0.00000   0.00000   0.00000   0.00275   0.00000   0.00000   0.00000   0.00000   0.00000   0.00833   0.00576   0.42026   0.00000   0.01035   0.10724  
 35 39.7278   1912.466720  x:  0.00084   0.00000   0.00000   0.00000   0.00000   0.00000   0.00000   0.00000   0.00000   0.00000   0.00000   0.00147   0.00000   0.00506   0.00125   0.00000   0.00000   0.00000   0.00000   0.00000   0.00267   0.00000   0.00000   0.00000   0.00000   0.00000   0.00827   0.00316   0.41726   0.00000   0.01004   0.10306  
 36  0.1645   1912.036486  x:  0.00093   0.00000   0.00000   0.00000   0.00000   0.00000   0.00000   0.00000   0.00000   0.00000   0.00000   0.00200   0.00000   0.00466   0.00232   0.00000   0.00000   0.00000   0.00000   0.00000   0.00218   0.00000   0.00000   0.00000   0.00000   0.00000   0.00897   0.00390   0.40542   0.00000   0.00886   0.09606  
 37  0.0528   1911.316091  x:  0.00127   0.00000   0.00000   0.00000   0.00000   0.00000   0.00000   0.00000   0.00000   0.00000   0.00000   0.00237   0.00000   0.00280   0.00223   0.00000   0.00000   0.00000   0.00000   0.00000   0.00110   0.00000   0.00000   0.00000   0.00000   0.00000   0.00845   0.00315   0.44304   0.00000   0.00785   0.09739  
 38  0.0277   1910.941725  x:  0.00135   0.00000   0.00000   0.00000   0.00000   0.00000   0.00000   0.00000   0.00000   0.00000   0.00000   0.00242   0.00000   0.00152   0.00235   0.00000   0.00000   0.00000   0.00000   0.00000   0.00176   0.00000   0.00000   0.00000   0.00000   0.00000   0.00799   0.00311   0.46816   0.00000   0.00856   0.09500  
 39  0.0452   1910.747342  x:  0.00112   0.00000   0.00000   0.00000   0.00000   0.00000   0.00000   0.00000   0.00000   0.00000   0.00000   0.00245   0.00000   0.00214   0.00212   0.00000   0.00000   0.00000   0.00000   0.00000   0.00210   0.00000   0.00000   0.00000   0.00000   0.00000   0.00747   0.00387   0.47783   0.00000   0.00967   0.08894  
 40  0.0074   1910.574962  x:  0.00107   0.00000   0.00000   0.00000   0.00000   0.00000   0.00000   0.00000   0.00000   0.00000   0.00000   0.00292   0.00000   0.00169   0.00185   0.00000   0.00000   0.00000   0.00000   0.00000   0.00213   0.00000   0.00000   0.00000   0.00000   0.00000   0.00618   0.00378   0.50989   0.00000   0.00954   0.08390  
 41  0.0157   1910.507475  x:  0.00109   0.00000   0.00000   0.00000   0.00000   0.00000   0.00000   0.00000   0.00000   0.00000   0.00000   0.00319   0.00000   0.00202   0.00196   0.00000   0.00000   0.00000   0.00000   0.00000   0.00214   0.00000   0.00000   0.00000   0.00000   0.00000   0.00590   0.00356   0.51671   0.00000   0.00922   0.08826  
 42  0.0068   1910.466961  x:  0.00111   0.00000   0.00000   0.00000   0.00000   0.00000   0.00000   0.00000   0.00000   0.00000   0.00000   0.00359   0.00000   0.00211   0.00226   0.00000   0.00000   0.00000   0.00000   0.00000   0.00193   0.00000   0.00000   0.00000   0.00000   0.00000   0.00614   0.00348   0.51817   0.00000   0.00937   0.08624  
 43  0.0013   1910.453088  x:  0.00113   0.00000   0.00000   0.00000   0.00000   0.00000   0.00000   0.00000   0.00000   0.00000   0.00000   0.00382   0.00000   0.00207   0.00220   0.00000   0.00000   0.00000   0.00000   0.00000   0.00193   0.00000   0.00000   0.00000   0.00000   0.00000   0.00617   0.00383   0.52213   0.00000   0.00950   0.08749  
 44  0.0023   1910.440394  x:  0.00116   0.00000   0.00000   0.00000   0.00000   0.00000   0.00000   0.00000   0.00000   0.00000   0.00000   0.00404   0.00000   0.00209   0.00202   0.00000   0.00000   0.00000   0.00000   0.00000   0.00206   0.00000   0.00000   0.00000   0.00000   0.00000   0.00627   0.00361   0.52036   0.00000   0.00958   0.08729  
 45  0.0009   1910.437127  x:  0.00113   0.00000   0.00000   0.00000   0.00000   0.00000   0.00000   0.00000   0.00000   0.00000   0.00000   0.00407   0.00000   0.00202   0.00205   0.00000   0.00000   0.00000   0.00000   0.00000   0.00203   0.00000   0.00000   0.00000   0.00000   0.00000   0.00638   0.00359   0.51331   0.00000   0.00967   0.08807  
 46  0.0034   1910.435262  x:  0.00111   0.00000   0.00000   0.00000   0.00000   0.00000   0.00000   0.00000   0.00000   0.00000   0.00000   0.00409   0.00000   0.00202   0.00203   0.00000   0.00000   0.00000   0.00000   0.00000   0.00204   0.00000   0.00000   0.00000   0.00000   0.00000   0.00623   0.00363   0.50775   0.00000   0.00962   0.08821  
 47  0.0022   1910.435186  x:  0.00112   0.00000   0.00000   0.00000   0.00000   0.00000   0.00000   0.00000   0.00000   0.00000   0.00000   0.00409   0.00000   0.00203   0.00204   0.00000   0.00000   0.00000   0.00000   0.00000   0.00204   0.00000   0.00000   0.00000   0.00000   0.00000   0.00621   0.00361   0.50779   0.00000   0.00960   0.08824  
 48  0.0000   1910.435181  x:  0.00113   0.00000   0.00000   0.00000   0.00000   0.00000   0.00000   0.00000   0.00000   0.00000   0.00000   0.00409   0.00000   0.00203   0.00204   0.00000   0.00000   0.00000   0.00000   0.00000   0.00203   0.00000   0.00000   0.00000   0.00000   0.00000   0.00621   0.00361   0.50767   0.00000   0.00961   0.08825  
 49  0.0001   1910.435180  x:  0.00113   0.00000   0.00000   0.00000   0.00000   0.00000   0.00000   0.00000   0.00000   0.00000   0.00000   0.00409   0.00000   0.00203   0.00204   0.00000   0.00000   0.00000   0.00000   0.00000   0.00204   0.00000   0.00000   0.00000   0.00000   0.00000   0.00621   0.00361   0.50767   0.00000   0.00961   0.08825  
 50  0.0000   1910.435180  x:  0.00113   0.00000   0.00000   0.00000   0.00000   0.00000   0.00000   0.00000   0.00000   0.00000   0.00000   0.00409   0.00000   0.00203   0.00204   0.00000   0.00000   0.00000   0.00000   0.00000   0.00204   0.00000   0.00000   0.00000   0.00000   0.00000   0.00621   0.00361   0.50767   0.00000   0.00961   0.08825  
 51  0.0000   1910.435180  x:  0.00113   0.00000   0.00000   0.00000   0.00000   0.00000   0.00000   0.00000   0.00000   0.00000   0.00000   0.00409   0.00000   0.00203   0.00204   0.00000   0.00000   0.00000   0.00000   0.00000   0.00204   0.00000   0.00000   0.00000   0.00000   0.00000   0.00621   0.00361   0.50767   0.00000   0.00961   0.08825  
 52  0.0000   1910.435180  x:  0.00113   0.00000   0.00000   0.00000   0.00000   0.00000   0.00000   0.00000   0.00000   0.00000   0.00000   0.00409   0.00000   0.00203   0.00204   0.00000   0.00000   0.00000   0.00000   0.00000   0.00204   0.00000   0.00000   0.00000   0.00000   0.00000   0.00621   0.00361   0.50767   0.00000   0.00961   0.08825  
 53  0.0000   1910.435180  x:  0.00113   0.00000   0.00000   0.00000   0.00000   0.00000   0.00000   0.00000   0.00000   0.00000   0.00000   0.00409   0.00000   0.00203   0.00204   0.00000   0.00000   0.00000   0.00000   0.00000   0.00204   0.00000   0.00000   0.00000   0.00000   0.00000   0.00621   0.00361   0.50767   0.00000   0.00961   0.08825  
 54  0.0000   1910.435180  x:  0.00113   0.00000   0.00000   0.00000   0.00000   0.00000   0.00000   0.00000   0.00000   0.00000   0.00000   0.00409   0.00000   0.00203   0.00204   0.00000   0.00000   0.00000   0.00000   0.00000   0.00204   0.00000   0.00000   0.00000   0.00000   0.00000   0.00621   0.00361   0.50767   0.00000   0.00961   0.08825  
 55  0.0000   1910.435180  x:  0.00113   0.00000   0.00000   0.00000   0.00000   0.00000   0.00000   0.00000   0.00000   0.00000   0.00000   0.00409   0.00000   0.00203   0.00204   0.00000   0.00000   0.00000   0.00000   0.00000   0.00204   0.00000   0.00000   0.00000   0.00000   0.00000   0.00621   0.00361   0.50767   0.00000   0.00961   0.08825  
 56  0.0000   1910.435180  x:  0.00113   0.00000   0.00000   0.00000   0.00000   0.00000   0.00000   0.00000   0.00000   0.00000   0.00000   0.00409   0.00000   0.00203   0.00204   0.00000   0.00000   0.00000   0.00000   0.00000   0.00204   0.00000   0.00000   0.00000   0.00000   0.00000   0.00621   0.00361   0.50767   0.00000   0.00961   0.08825  
 57  0.0000   1910.435180  x:  0.00113   0.00000   0.00000   0.00000   0.00000   0.00000   0.00000   0.00000   0.00000   0.00000   0.00000   0.00409   0.00000   0.00203   0.00204   0.00000   0.00000   0.00000   0.00000   0.00000   0.00204   0.00000   0.00000   0.00000   0.00000   0.00000   0.00621   0.00361   0.50767   0.00000   0.00961   0.08825  
 58  0.0000   1910.435180  x:  0.00113   0.00000   0.00000   0.00000   0.00000   0.00000   0.00000   0.00000   0.00000   0.00000   0.00000   0.00409   0.00000   0.00203   0.00204   0.00000   0.00000   0.00000   0.00000   0.00000   0.00204   0.00000   0.00000   0.00000   0.00000   0.00000   0.00621   0.00361   0.50767   0.00000   0.00961   0.08825  