

TREE # 1

  0  0.0000   2172.853085  x:  0.02804   0.10432   0.05812   0.09754   0.04676   0.03780   0.05407   0.09443   0.03749   0.07766   0.09561   0.07748   0.02549   0.07452   0.04017   0.04409   0.04512   0.08014   0.04826   0.03581   0.04726   0.10618   0.01869   0.01015   0.09466   0.05535   0.07324   0.03715   0.03714   0.02372   0.07052   1.00000  
  1 99.0000   2059.690623  x:  0.06703   0.07608   0.02560   0.06319   0.01891   0.00000   0.02237   0.06184   0.03186   0.04156   0.06261   0.06147   0.01025   0.07077   0.07263   0.01609   0.02369   0.04574   0.02285   0.01568   0.03931   0.06823   0.02361   0.02006   0.06341   0.17115   0.07795   0.04362   0.04859   0.05346   0.15306   0.99002  
  2 878.2175   2015.686171  x:  0.06078   0.04858   0.00000   0.03189   0.00682   0.00000   0.00237   0.03311   0.03149   0.00860   0.03191   0.04972   0.00216   0.06639   0.07225   0.00403   0.01912   0.01525   0.00986   0.01472   0.03702   0.03107   0.01577   0.00331   0.03503   0.17448   0.07516   0.03475   0.04264   0.04205   0.16415   0.98250  
  3 768.0066   2006.192792  x:  0.05928   0.04111   0.00080   0.02381   0.00545   0.00000   0.00391   0.02553   0.03105   0.00000   0.02386   0.04648   0.00115   0.06517   0.07215   0.00329   0.01802   0.00741   0.00719   0.01443   0.03616   0.02086   0.01452   0.00153   0.02761   0.17581   0.07425   0.03242   0.04113   0.03928   0.16716   0.98058  
  4 2674.7110   2006.192792  x:  0.05928   0.04111   0.00080   0.02381   0.00545   0.00000   0.00391   0.02553   0.03105   0.00000   0.02386   0.04648   0.00115   0.06517   0.07215   0.00329   0.01802   0.00741   0.00719   0.01443   0.03616   0.02086   0.01452   0.00153   0.02761   0.17581   0.07425   0.03242   0.04113   0.03928   0.16716   0.98058  
  5 3383.1512   1998.377940  x:  0.05812   0.03514   0.01226   0.01955   0.01743   0.00000   0.01429   0.02102   0.02952   0.00459   0.01871   0.04408   0.00655   0.06402   0.07156   0.01366   0.01806   0.00522   0.01062   0.01458   0.03466   0.01219   0.01681   0.01918   0.02375   0.17659   0.07282   0.03060   0.04009   0.03777   0.16833   0.97955  
  6 872.4688   1990.573888  x:  0.05679   0.02707   0.01219   0.01244   0.01812   0.00000   0.01340   0.01584   0.02790   0.00223   0.01099   0.04169   0.00664   0.06200   0.07048   0.01313   0.01741   0.00193   0.01258   0.01432   0.03301   0.00000   0.01777   0.02024   0.01726   0.17762   0.07129   0.02821   0.03900   0.03604   0.17010   0.97809  
  7 499.3387   1986.672741  x:  0.05442   0.01327   0.01347   0.00360   0.01754   0.00000   0.01122   0.01059   0.02556   0.00863   0.00000   0.03862   0.00582   0.05828   0.06816   0.01131   0.01633   0.00606   0.01268   0.01312   0.03038   0.00000   0.01755   0.02030   0.00778   0.17881   0.06889   0.02362   0.03715   0.03310   0.17270   0.97558  
  8 931.5925   1985.540673  x:  0.05293   0.00410   0.01398   0.00303   0.01715   0.00000   0.01042   0.00977   0.02425   0.00939   0.00321   0.03784   0.00584   0.05605   0.06632   0.01055   0.01584   0.00592   0.01198   0.01247   0.02877   0.00000   0.01719   0.02084   0.00379   0.17943   0.06723   0.02079   0.03600   0.03119   0.17428   0.97375  
  9 304.7502   1985.218180  x:  0.05239   0.00091   0.01405   0.00447   0.01685   0.00000   0.01023   0.01029   0.02381   0.00914   0.00249   0.03741   0.00571   0.05484   0.06540   0.01032   0.01570   0.00555   0.01153   0.01231   0.02814   0.00000   0.01696   0.02130   0.00432   0.17967   0.06656   0.01962   0.03555   0.03036   0.17498   0.97280  
 10 262.4925   1984.937954  x:  0.05159   0.00104   0.01421   0.00295   0.01594   0.00000   0.01019   0.01183   0.02295   0.00868   0.00275   0.03655   0.00570   0.05152   0.06261   0.01007   0.01550   0.00522   0.01030   0.01214   0.02671   0.00000   0.01614   0.02239   0.00567   0.18015   0.06530   0.01688   0.03453   0.02826   0.17691   0.96987  
 11 97.7523   1984.727364  x:  0.05094   0.00266   0.01444   0.00415   0.01523   0.00000   0.01008   0.01172   0.02228   0.00850   0.00268   0.03566   0.00584   0.04805   0.05969   0.00993   0.01531   0.00500   0.00990   0.01219   0.02554   0.00000   0.01557   0.02293   0.00464   0.18061   0.06405   0.01451   0.03366   0.02643   0.17903   0.96645  
 12 186.3274   1984.536138  x:  0.05088   0.00258   0.01423   0.00413   0.01486   0.00000   0.01018   0.01022   0.02339   0.00894   0.00324   0.03539   0.00672   0.04415   0.05577   0.01047   0.01552   0.00541   0.01163   0.01304   0.02643   0.00000   0.01587   0.02219   0.00594   0.18070   0.06243   0.01512   0.03403   0.02686   0.18211   0.95951  
 13 65.5889   1984.344777  x:  0.05115   0.00246   0.01416   0.00399   0.01565   0.00000   0.01071   0.01215   0.02431   0.00901   0.00287   0.03552   0.00744   0.04152   0.05251   0.01117   0.01541   0.00494   0.01096   0.01228   0.02763   0.00000   0.01622   0.02105   0.00485   0.18051   0.06110   0.01708   0.03490   0.02823   0.18574   0.94963  
 14 106.9235   1983.811304  x:  0.05123   0.00280   0.01489   0.00424   0.01797   0.00000   0.00975   0.00975   0.02250   0.00819   0.00299   0.03662   0.00753   0.04280   0.05037   0.01029   0.01387   0.00591   0.00728   0.01053   0.02781   0.00000   0.01613   0.02086   0.00614   0.17980   0.06010   0.01935   0.03602   0.03005   0.19606   0.91472  
 15 108.6369   1981.148958  x:  0.05007   0.00361   0.01638   0.00506   0.02315   0.00000   0.00844   0.01532   0.01456   0.00519   0.00292   0.04231   0.00569   0.05656   0.04827   0.00787   0.01309   0.01306   0.01228   0.01694   0.02579   0.00000   0.01540   0.01998   0.00706   0.17564   0.05850   0.02414   0.03874   0.03397   0.25272   0.70521  
 16 657.5040   1975.185811  x:  0.04831   0.00429   0.01360   0.00626   0.02148   0.00000   0.01174   0.01780   0.02437   0.00711   0.00276   0.04915   0.00460   0.07613   0.05377   0.01106   0.01994   0.01552   0.01104   0.01909   0.02387   0.00000   0.01617   0.01863   0.00863   0.17134   0.06044   0.02533   0.04034   0.03432   0.33698   0.36982  
 17 2416.3045   1974.462589  x:  0.05023   0.00439   0.01460   0.00653   0.01896   0.00000   0.01106   0.01879   0.02244   0.00890   0.00309   0.04911   0.00594   0.07528   0.05720   0.00969   0.01732   0.01423   0.01215   0.01790   0.02860   0.00000   0.01765   0.01986   0.00902   0.17377   0.06362   0.02556   0.04092   0.03389   0.34652   0.31815  
 18 552.7599   1974.332086  x:  0.05173   0.00411   0.01519   0.00648   0.01934   0.00000   0.01108   0.01858   0.02183   0.00824   0.00330   0.04910   0.00358   0.07348   0.05802   0.01087   0.01798   0.01477   0.01217   0.01794   0.02810   0.00000   0.01603   0.01961   0.00897   0.17638   0.06535   0.02611   0.04151   0.03460   0.34658   0.30835  
 19 85.3201   1974.267583  x:  0.05272   0.00395   0.01523   0.00650   0.02037   0.00000   0.01119   0.01868   0.02215   0.00748   0.00329   0.04924   0.00484   0.07234   0.05845   0.00993   0.01865   0.01580   0.01190   0.01844   0.02628   0.00000   0.01593   0.01932   0.00894   0.17918   0.06637   0.02634   0.04183   0.03531   0.34563   0.30311  
 20 52.4861   1974.245855  x:  0.05271   0.00401   0.01462   0.00653   0.02090   0.00000   0.01108   0.01880   0.02236   0.00739   0.00332   0.04957   0.00441   0.07253   0.05797   0.01011   0.01824   0.01623   0.01164   0.01887   0.02590   0.00000   0.01725   0.01940   0.00892   0.18116   0.06615   0.02615   0.04169   0.03552   0.34476   0.30129  
 21 22.0207   1974.223414  x:  0.05223   0.00409   0.01402   0.00655   0.02106   0.00000   0.01127   0.01877   0.02229   0.00733   0.00317   0.05012   0.00482   0.07376   0.05691   0.01045   0.01812   0.01640   0.01142   0.01922   0.02662   0.00000   0.01658   0.01930   0.00885   0.18424   0.06500   0.02591   0.04137   0.03561   0.34337   0.29948  
 22 18.4327   1974.215278  x:  0.05196   0.00420   0.01457   0.00655   0.02080   0.00000   0.01116   0.01882   0.02242   0.00746   0.00315   0.05021   0.00458   0.07435   0.05639   0.01002   0.01849   0.01617   0.01171   0.01879   0.02653   0.00000   0.01659   0.01942   0.00890   0.18547   0.06434   0.02620   0.04141   0.03560   0.34285   0.29892  
 23 12.3193   1974.211723  x:  0.05171   0.00423   0.01469   0.00657   0.02043   0.00000   0.01108   0.01883   0.02226   0.00751   0.00316   0.05010   0.00477   0.07449   0.05639   0.01040   0.01835   0.01613   0.01179   0.01862   0.02614   0.00000   0.01665   0.01930   0.00894   0.18585   0.06415   0.02655   0.04157   0.03549   0.34273   0.29884  
 24  4.2015   1974.198971  x:  0.05059   0.00428   0.01453   0.00659   0.02016   0.00000   0.01186   0.01878   0.02231   0.00751   0.00323   0.04949   0.00453   0.07435   0.05674   0.01008   0.01783   0.01619   0.01166   0.01889   0.02591   0.00000   0.01653   0.01931   0.00894   0.18654   0.06402   0.02761   0.04204   0.03491   0.34261   0.29894  
 25  3.9485   1974.163302  x:  0.04799   0.00447   0.01418   0.00665   0.02062   0.00000   0.01078   0.01894   0.02244   0.00739   0.00340   0.04823   0.00449   0.07374   0.05765   0.01008   0.01846   0.01650   0.01128   0.01940   0.02640   0.00000   0.01649   0.01987   0.00889   0.18789   0.06412   0.02941   0.04258   0.03372   0.34235   0.29943  
 26 13.4806   1973.988588  x:  0.04436   0.00467   0.01315   0.00677   0.02088   0.00000   0.01221   0.01886   0.02089   0.00651   0.00353   0.04864   0.00455   0.07207   0.05900   0.01016   0.01998   0.01758   0.01247   0.01617   0.02724   0.00000   0.01742   0.01902   0.00925   0.19120   0.06593   0.02978   0.04007   0.03470   0.34083   0.30255  
 27  6.9228   1973.213326  x:  0.04197   0.00486   0.01528   0.00673   0.02035   0.00000   0.00943   0.01924   0.02404   0.00708   0.00341   0.05177   0.00428   0.06794   0.06179   0.00970   0.01463   0.01448   0.01404   0.01563   0.02662   0.00000   0.01490   0.01860   0.00960   0.20293   0.07104   0.02976   0.03343   0.03959   0.33295   0.31620  
 28 37.9537   1971.625976  x:  0.05027   0.00405   0.01660   0.00657   0.01401   0.00000   0.01007   0.01788   0.01903   0.00984   0.00306   0.05465   0.00450   0.06246   0.06396   0.00845   0.01852   0.00727   0.00935   0.02193   0.02841   0.00000   0.01729   0.01797   0.00938   0.22388   0.07651   0.02848   0.03410   0.04262   0.31333   0.34384  
 29 119.7975   1969.982378  x:  0.06529   0.00293   0.01560   0.00671   0.01547   0.00000   0.00901   0.01795   0.02093   0.00542   0.00355   0.05003   0.00488   0.05970   0.06475   0.00850   0.01529   0.00916   0.01256   0.01531   0.03245   0.00000   0.01753   0.01570   0.00969   0.24152   0.07781   0.02144   0.04619   0.03419   0.28650   0.37158  
 30 150.8468   1969.729246  x:  0.06692   0.00311   0.01248   0.00681   0.01777   0.00000   0.00852   0.01772   0.01935   0.00783   0.00407   0.04558   0.00471   0.05879   0.06373   0.00789   0.01497   0.00664   0.01369   0.01400   0.03105   0.00000   0.01652   0.01519   0.01035   0.23977   0.07629   0.02186   0.04478   0.03424   0.27601   0.37411  
 31 49.4884   1969.110682  x:  0.06752   0.00292   0.01341   0.00665   0.01653   0.00000   0.00821   0.01681   0.01788   0.00474   0.00447   0.03531   0.00480   0.05586   0.06012   0.00769   0.01373   0.00750   0.01250   0.01420   0.03115   0.00000   0.01657   0.01495   0.00986   0.22990   0.07129   0.02344   0.03798   0.03593   0.24461   0.37790  
 32 102.6290   1968.683904  x:  0.06299   0.00287   0.01300   0.00617   0.01622   0.00000   0.00737   0.01550   0.01597   0.00373   0.00353   0.04055   0.00497   0.05048   0.05726   0.00703   0.01255   0.00610   0.01253   0.01375   0.02986   0.00000   0.01566   0.01592   0.00914   0.21920   0.06809   0.02410   0.03910   0.03409   0.21716   0.37956  
 33 87.8268   1968.666366  x:  0.06208   0.00287   0.01387   0.00611   0.01674   0.00000   0.00744   0.01544   0.01583   0.00391   0.00352   0.04031   0.00504   0.05053   0.05672   0.00710   0.01247   0.00553   0.01242   0.01405   0.02995   0.00000   0.01584   0.01473   0.00935   0.21875   0.06877   0.02339   0.03963   0.03401   0.21584   0.37958  
 34 16.4671   1968.662507  x:  0.06174   0.00285   0.01372   0.00612   0.01650   0.00000   0.00740   0.01544   0.01585   0.00392   0.00352   0.04005   0.00508   0.05075   0.05611   0.00708   0.01244   0.00550   0.01244   0.01400   0.02990   0.00000   0.01576   0.01503   0.00927   0.21863   0.06950   0.02318   0.04008   0.03438   0.21557   0.37957  
 35  5.3439   1968.654188  x:  0.06202   0.00271   0.01369   0.00611   0.01649   0.00000   0.00742   0.01538   0.01588   0.00389   0.00346   0.04026   0.00518   0.05109   0.05524   0.00711   0.01246   0.00548   0.01245   0.01397   0.02988   0.00000   0.01578   0.01498   0.00924   0.21851   0.07056   0.02385   0.03945   0.03336   0.21541   0.37950  
 36  1.0275   1967.120045  x:  0.05907   0.00190   0.01200   0.00553   0.01314   0.00000   0.00763   0.01268   0.01870   0.00344   0.00223   0.03875   0.00472   0.05051   0.05650   0.00727   0.01350   0.00000   0.01233   0.01258   0.02917   0.00000   0.01561   0.01339   0.00827   0.20935   0.06822   0.02037   0.03736   0.03131   0.20645   0.36777  
 37  0.5449   1966.451033  x:  0.05492   0.00085   0.01056   0.00511   0.01207   0.00000   0.00809   0.01080   0.02140   0.00208   0.00155   0.03826   0.00455   0.05008   0.05796   0.00754   0.01533   0.00272   0.01140   0.01221   0.02828   0.00000   0.01627   0.01158   0.00712   0.20069   0.06817   0.01679   0.03635   0.02986   0.20871   0.34474  
 38  0.0648   1966.234658  x:  0.05305   0.00076   0.00945   0.00519   0.01124   0.00000   0.00785   0.01086   0.02269   0.00384   0.00181   0.03829   0.00434   0.05020   0.05945   0.00739   0.01577   0.00267   0.01126   0.01236   0.02762   0.00000   0.01637   0.01147   0.00737   0.19622   0.06768   0.01702   0.03547   0.02884   0.21142   0.32797  
 39  0.0453   1966.180405  x:  0.05295   0.00095   0.00958   0.00539   0.01153   0.00000   0.00765   0.01157   0.02351   0.00335   0.00225   0.03746   0.00409   0.05040   0.06001   0.00719   0.01586   0.00193   0.01095   0.01255   0.02734   0.00000   0.01604   0.01099   0.00811   0.19448   0.06709   0.01729   0.03493   0.02843   0.20863   0.32168  
 40  0.0110   1966.175929  x:  0.05340   0.00081   0.00956   0.00537   0.01121   0.00000   0.00770   0.01143   0.02341   0.00325   0.00222   0.03723   0.00407   0.05019   0.05987   0.00715   0.01566   0.00171   0.01105   0.01240   0.02719   0.00000   0.01579   0.01108   0.00805   0.19471   0.06689   0.01702   0.03496   0.02833   0.20798   0.32162  
 41  0.0017   1966.175433  x:  0.05350   0.00078   0.00962   0.00536   0.01135   0.00000   0.00766   0.01141   0.02336   0.00324   0.00220   0.03729   0.00408   0.05012   0.05973   0.00716   0.01565   0.00168   0.01108   0.01241   0.02714   0.00000   0.01574   0.01107   0.00805   0.19502   0.06689   0.01696   0.03500   0.02840   0.20790   0.32194  
 42  0.0008   1966.175371  x:  0.05348   0.00079   0.00965   0.00536   0.01133   0.00000   0.00767   0.01142   0.02333   0.00323   0.00220   0.03732   0.00409   0.05012   0.05968   0.00717   0.01564   0.00169   0.01109   0.01241   0.02715   0.00000   0.01575   0.01109   0.00806   0.19514   0.06690   0.01700   0.03501   0.02843   0.20793   0.32191  
 43  0.0003   1966.175363  x:  0.05347   0.00078   0.00963   0.00536   0.01133   0.00000   0.00767   0.01142   0.02332   0.00323   0.00220   0.03732   0.00410   0.05011   0.05966   0.00717   0.01563   0.00169   0.01108   0.01241   0.02716   0.00000   0.01576   0.01109   0.00806   0.19516   0.06690   0.01700   0.03501   0.02842   0.20792   0.32185  
 44  0.0001   1966.175362  x:  0.05347   0.00078   0.00964   0.00536   0.01133   0.00000   0.00767   0.01142   0.02331   0.00323   0.00220   0.03731   0.00410   0.05011   0.05965   0.00716   0.01563   0.00169   0.01108   0.01241   0.02716   0.00000   0.01576   0.01108   0.00806   0.19515   0.06690   0.01700   0.03501   0.02842   0.20792   0.32182  
 45  0.0001   1966.175361  x:  0.05347   0.00078   0.00964   0.00536   0.01133   0.00000   0.00767   0.01142   0.02331   0.00323   0.00220   0.03731   0.00410   0.05011   0.05965   0.00716   0.01563   0.00169   0.01108   0.01241   0.02716   0.00000   0.01576   0.01108   0.00807   0.19515   0.06689   0.01700   0.03501   0.02842   0.20791   0.32181  
 46  0.0000   1966.175361  x:  0.05347   0.00078   0.00963   0.00536   0.01133   0.00000   0.00767   0.01142   0.02331   0.00323   0.00220   0.03731   0.00410   0.05011   0.05965   0.00716   0.01563   0.00169   0.01108   0.01241   0.02716   0.00000   0.01576   0.01108   0.00807   0.19515   0.06689   0.01700   0.03501   0.02842   0.20791   0.32181  
 47  0.0000   1966.175361  x:  0.05347   0.00078   0.00963   0.00536   0.01133   0.00000   0.00767   0.01142   0.02331   0.00323   0.00220   0.03731   0.00410   0.05011   0.05965   0.00716   0.01563   0.00169   0.01108   0.01241   0.02716   0.00000   0.01576   0.01108   0.00807   0.19515   0.06689   0.01700   0.03501   0.02842   0.20791   0.32182  
 48  0.0000   1966.175361  x:  0.05347   0.00078   0.00963   0.00536   0.01133   0.00000   0.00767   0.01142   0.02331   0.00323   0.00220   0.03731   0.00410   0.05011   0.05965   0.00716   0.01563   0.00169   0.01108   0.01241   0.02716   0.00000   0.01576   0.01108   0.00807   0.19515   0.06689   0.01700   0.03501   0.02842   0.20791   0.32182  
 49  0.0000   1966.175361  x:  0.05347   0.00078   0.00963   0.00536   0.01133   0.00000   0.00767   0.01142   0.02331   0.00323   0.00220   0.03731   0.00410   0.05011   0.05965   0.00716   0.01563   0.00169   0.01108   0.01241   0.02716   0.00000   0.01576   0.01108   0.00807   0.19515   0.06689   0.01700   0.03501   0.02842   0.20791   0.32182  