

TREE # 1

  0  0.0000    796.020458  x:  0.06571   0.03604   0.10043   0.09809   0.07096   0.06921   0.02006   0.02702   0.02837   0.07612   0.06199   0.07269   0.03593   0.05831   0.06459   0.02434   0.05300   0.07936   0.10763   0.05226   0.03270   0.07616   0.09540   0.05663   0.01010   0.07616   0.07619   0.01861   0.02593   0.05686   0.06504   1.00000  
  1 99.0000    734.084097  x:  0.05867   0.02602   0.09051   0.08818   0.06184   0.06012   0.00999   0.01695   0.18386   0.06618   0.05200   0.06271   0.02591   0.05427   0.05461   0.01427   0.04299   0.06940   0.09772   0.04224   0.02264   0.06619   0.08547   0.04663   0.00000   0.06619   0.06623   0.01664   0.01625   0.04976   0.07418   0.99558  
  2 984.7890    717.254879  x:  0.05192   0.01610   0.08070   0.07837   0.05207   0.05034   0.00000   0.00699   0.18482   0.05632   0.04211   0.05284   0.01599   0.05042   0.04473   0.00430   0.03307   0.05955   0.08792   0.03232   0.01269   0.05634   0.07564   0.03673   0.00000   0.05632   0.05637   0.01515   0.00674   0.04298   0.07988   0.99191  
  3 360.8464    708.864325  x:  0.04684   0.01176   0.07615   0.07384   0.04785   0.04612   0.00000   0.00269   0.18434   0.05185   0.03770   0.04838   0.01172   0.05138   0.04038   0.00000   0.02868   0.05508   0.08334   0.02794   0.00837   0.05187   0.07110   0.03232   0.00000   0.05183   0.05192   0.01693   0.00123   0.03700   0.12662   0.96775  
  4 219.0257    704.141952  x:  0.04635   0.00902   0.07304   0.07074   0.04513   0.04339   0.00000   0.00000   0.18428   0.04886   0.03479   0.04540   0.00902   0.05153   0.03755   0.00000   0.02581   0.05208   0.08017   0.02509   0.00562   0.04888   0.06799   0.02943   0.00000   0.04882   0.04898   0.00217   0.00089   0.03675   0.13258   0.93234  
  5 121.5429    694.450547  x:  0.04771   0.00350   0.06672   0.06444   0.03956   0.03782   0.00000   0.00000   0.18435   0.04278   0.02887   0.03936   0.00348   0.05116   0.03178   0.00000   0.01998   0.04599   0.07375   0.01927   0.00000   0.04281   0.06169   0.02354   0.00000   0.04270   0.04300   0.00119   0.00100   0.03676   0.13660   0.86362  
  6 874.6703    693.065483  x:  0.04856   0.00270   0.06563   0.06337   0.03879   0.03705   0.00000   0.00000   0.18437   0.04180   0.02796   0.03839   0.00273   0.05305   0.03091   0.00000   0.01909   0.04500   0.07262   0.01841   0.00000   0.04183   0.06061   0.02264   0.00000   0.04170   0.04217   0.00106   0.00000   0.03961   0.13744   0.84615  
  7 433.1990    687.261310  x:  0.05200   0.00000   0.06151   0.05931   0.03626   0.03449   0.00000   0.00000   0.18444   0.03822   0.02473   0.03486   0.00030   0.05119   0.02792   0.00000   0.01600   0.04139   0.06827   0.01541   0.00000   0.03826   0.05653   0.01949   0.00000   0.03804   0.03938   0.00038   0.00000   0.03824   0.14045   0.76314  
  8 1289.2150    686.696317  x:  0.05142   0.00000   0.06114   0.05894   0.03602   0.03426   0.00000   0.00000   0.18444   0.03786   0.02439   0.03451   0.00000   0.05194   0.02760   0.00000   0.01566   0.04103   0.06789   0.01509   0.00000   0.03791   0.05615   0.01915   0.00000   0.03767   0.03906   0.00037   0.00000   0.03760   0.14056   0.75738  
  9 597.1361    676.455482  x:  0.04410   0.00000   0.05395   0.05181   0.03120   0.02944   0.00000   0.00000   0.18455   0.03093   0.01758   0.02750   0.00000   0.05412   0.02114   0.00000   0.00880   0.03408   0.06055   0.00849   0.00000   0.03093   0.04887   0.01231   0.00000   0.03053   0.03268   0.00000   0.00000   0.03443   0.14402   0.66588  
 10 2914.5914    663.429959  x:  0.00318   0.00000   0.04456   0.04254   0.02560   0.02387   0.00000   0.00000   0.18468   0.02200   0.00883   0.01842   0.00000   0.04592   0.01272   0.00000   0.00000   0.02510   0.05094   0.00011   0.00000   0.02194   0.03935   0.00355   0.00000   0.02126   0.02410   0.00128   0.00000   0.04004   0.14842   0.51408  
 11 1675.9512    663.281837  x:  0.00319   0.00000   0.04445   0.04244   0.02553   0.02380   0.00000   0.00000   0.18468   0.02190   0.00872   0.01831   0.00000   0.04587   0.01260   0.00000   0.00000   0.02500   0.05083   0.00000   0.00000   0.02183   0.03924   0.00344   0.00000   0.02115   0.02396   0.00127   0.00000   0.04005   0.14849   0.51259  
 12 236.5361    658.977757  x:  0.00327   0.00000   0.04120   0.03925   0.02344   0.02174   0.00000   0.00000   0.18474   0.01861   0.00531   0.01487   0.00000   0.04460   0.00898   0.00000   0.00000   0.02169   0.04760   0.00000   0.00000   0.01852   0.03592   0.00000   0.00000   0.01772   0.01968   0.00095   0.00000   0.04015   0.15057   0.46962  
 13 22558.4650    652.755605  x:  0.00340   0.00000   0.03614   0.03428   0.02006   0.01842   0.00000   0.00000   0.18482   0.01350   0.00000   0.00954   0.00000   0.04271   0.00337   0.00000   0.00000   0.01652   0.04257   0.00000   0.00000   0.01335   0.03075   0.00000   0.00000   0.01239   0.01308   0.00047   0.00000   0.04030   0.15363   0.40637  
 14 26038.8378    649.216883  x:  0.00347   0.00000   0.03306   0.03126   0.01786   0.01625   0.00000   0.00000   0.18487   0.01040   0.00000   0.00632   0.00000   0.04172   0.00000   0.00000   0.00000   0.01337   0.03953   0.00000   0.00000   0.01023   0.02763   0.00000   0.00000   0.00917   0.00914   0.00025   0.00000   0.04037   0.15518   0.37261  
 15 2945.4143    645.281243  x:  0.00354   0.00000   0.02931   0.02760   0.01510   0.01352   0.00000   0.00000   0.18492   0.00663   0.00000   0.00242   0.00000   0.04058   0.00000   0.00000   0.00000   0.00952   0.03583   0.00000   0.00000   0.00644   0.02385   0.00000   0.00000   0.00528   0.00438   0.00000   0.00000   0.04046   0.15692   0.33407  
 16 12275.5707    645.281243  x:  0.00354   0.00000   0.02931   0.02760   0.01510   0.01352   0.00000   0.00000   0.18492   0.00663   0.00000   0.00242   0.00000   0.04058   0.00000   0.00000   0.00000   0.00952   0.03583   0.00000   0.00000   0.00644   0.02385   0.00000   0.00000   0.00528   0.00438   0.00000   0.00000   0.04046   0.15692   0.33407  
 17 1120.3574    641.436358  x:  0.01180   0.00000   0.02742   0.02571   0.01321   0.01164   0.00000   0.00000   0.18660   0.00472   0.00000   0.00051   0.00000   0.03968   0.00000   0.00000   0.00000   0.00762   0.03395   0.00000   0.00000   0.00453   0.02196   0.00000   0.00000   0.00336   0.00247   0.03561   0.00000   0.03903   0.15631   0.33421  
 18 2066.4912    640.736829  x:  0.01179   0.00000   0.02693   0.02522   0.01272   0.01114   0.00000   0.00000   0.18705   0.00422   0.00000   0.00000   0.00000   0.03946   0.00000   0.00000   0.00000   0.00712   0.03346   0.00000   0.00000   0.00403   0.02146   0.00000   0.00000   0.00286   0.00197   0.03560   0.00000   0.03867   0.15614   0.33425  
 19 391.7812    637.062514  x:  0.01739   0.00000   0.02491   0.02321   0.01109   0.00952   0.00000   0.00000   0.20439   0.00228   0.00000   0.00000   0.00000   0.03964   0.00000   0.00000   0.00000   0.00515   0.03144   0.00000   0.00000   0.00207   0.01945   0.00000   0.00000   0.00089   0.00000   0.03427   0.00000   0.03668   0.15799   0.33477  
 20 279.6601    635.504063  x:  0.01339   0.00000   0.02398   0.02230   0.01043   0.00886   0.00000   0.00000   0.21224   0.00140   0.00000   0.00000   0.00000   0.03985   0.00000   0.00000   0.00000   0.00427   0.03050   0.00000   0.00000   0.00119   0.01854   0.00000   0.00000   0.00000   0.00000   0.03519   0.00000   0.03602   0.15936   0.33483  
 21 269.3808    634.297378  x:  0.01312   0.00000   0.02276   0.02108   0.00941   0.00784   0.00000   0.00000   0.21328   0.00022   0.00000   0.00000   0.00000   0.03939   0.00000   0.00000   0.00000   0.00308   0.02927   0.00000   0.00000   0.00000   0.01732   0.00000   0.00000   0.00000   0.00000   0.03524   0.00000   0.03559   0.16010   0.33447  
 22 93.9509    634.188882  x:  0.01308   0.00000   0.02249   0.02082   0.00937   0.00780   0.00000   0.00000   0.21347   0.00000   0.00000   0.00000   0.00000   0.03885   0.00000   0.00000   0.00000   0.00285   0.02899   0.00000   0.00000   0.00000   0.01706   0.00000   0.00000   0.00000   0.00000   0.03525   0.00000   0.03598   0.16190   0.33424  
 23 51.6219    632.508804  x:  0.01293   0.00000   0.01940   0.01778   0.00777   0.00619   0.00000   0.00000   0.21401   0.00000   0.00000   0.00000   0.00000   0.04121   0.00000   0.00000   0.00000   0.00000   0.02584   0.00000   0.00000   0.00000   0.01402   0.00000   0.00000   0.00000   0.00000   0.03527   0.00000   0.03469   0.16897   0.33267  
 24 79.2990    627.176708  x:  0.01233   0.00000   0.00750   0.00606   0.00159   0.00000   0.00000   0.00000   0.21609   0.00000   0.00000   0.00000   0.00000   0.05004   0.00000   0.00000   0.00000   0.00000   0.01372   0.00000   0.00000   0.00000   0.00232   0.00000   0.00000   0.00000   0.00000   0.03535   0.00000   0.02970   0.19583   0.32663  
 25 1087763.6840    626.250504  x:  0.01222   0.00000   0.00514   0.00374   0.00035   0.00000   0.00000   0.00000   0.21650   0.00000   0.00000   0.00000   0.00000   0.05177   0.00000   0.00000   0.00000   0.00000   0.01132   0.00000   0.00000   0.00000   0.00000   0.00000   0.00000   0.00000   0.00000   0.03537   0.00000   0.02875   0.20109   0.32543  
 26 336675.0997    626.061238  x:  0.01219   0.00000   0.00450   0.00310   0.00000   0.00000   0.00000   0.00000   0.21660   0.00000   0.00000   0.00000   0.00000   0.05220   0.00000   0.00000   0.00000   0.00000   0.01067   0.00000   0.00000   0.00000   0.00000   0.00000   0.00000   0.00000   0.00000   0.03537   0.00000   0.02854   0.20234   0.32513  
 27 3450.8004    625.260437  x:  0.01207   0.00000   0.00136   0.00000   0.00000   0.00000   0.00000   0.00000   0.21704   0.00000   0.00000   0.00000   0.00000   0.05385   0.00000   0.00000   0.00000   0.00000   0.00749   0.00000   0.00000   0.00000   0.00000   0.00000   0.00000   0.00000   0.00000   0.03539   0.00000   0.02754   0.20751   0.32383  
 28 1714.0178    625.025377  x:  0.01202   0.00000   0.00000   0.00000   0.00000   0.00000   0.00000   0.00000   0.21717   0.00000   0.00000   0.00000   0.00000   0.05433   0.00000   0.00000   0.00000   0.00000   0.00612   0.00000   0.00000   0.00000   0.00000   0.00000   0.00000   0.00000   0.00000   0.03540   0.00000   0.02711   0.20915   0.32344  
 29 703.8194    624.323278  x:  0.01191   0.00000   0.00000   0.00000   0.00000   0.00000   0.00000   0.00000   0.21739   0.00000   0.00000   0.00000   0.00000   0.05470   0.00000   0.00000   0.00000   0.00000   0.00000   0.00000   0.00000   0.00000   0.00000   0.00000   0.00000   0.00000   0.00000   0.03541   0.00000   0.02464   0.21253   0.32288  
 30 189.7767    620.419481  x:  0.01249   0.00000   0.00000   0.00000   0.00000   0.00000   0.00000   0.00000   0.21229   0.00000   0.00000   0.00000   0.00000   0.03172   0.00000   0.00000   0.00000   0.00000   0.00000   0.00000   0.00000   0.00000   0.00000   0.00000   0.00000   0.00000   0.00000   0.03532   0.00000   0.00363   0.17524   0.33493  
 31 148.1852    614.498720  x:  0.00305   0.00000   0.00000   0.00000   0.00000   0.00000   0.00000   0.00000   0.25462   0.00000   0.00000   0.00000   0.00000   0.00981   0.00000   0.00000   0.00000   0.00000   0.00000   0.00000   0.00000   0.00000   0.00000   0.00000   0.00000   0.00000   0.00000   0.03753   0.00000   0.00552   0.09504   0.62356  
 32  9.6313    614.461505  x:  0.00327   0.00000   0.00000   0.00000   0.00000   0.00000   0.00000   0.00000   0.25364   0.00000   0.00000   0.00000   0.00000   0.01033   0.00000   0.00000   0.00000   0.00000   0.00000   0.00000   0.00000   0.00000   0.00000   0.00000   0.00000   0.00000   0.00000   0.03747   0.00164   0.00547   0.09689   0.61682  
 33 214.2032    613.159060  x:  0.00329   0.00000   0.00000   0.00000   0.00000   0.00000   0.00000   0.00000   0.27391   0.00000   0.00000   0.00000   0.00000   0.01694   0.00000   0.00000   0.00000   0.00000   0.00000   0.00000   0.00000   0.00000   0.00000   0.00000   0.00000   0.00000   0.00000   0.03740   0.00000   0.00504   0.07093   0.60970  
 34  1.0896    613.159060  x:  0.00329   0.00000   0.00000   0.00000   0.00000   0.00000   0.00000   0.00000   0.27391   0.00000   0.00000   0.00000   0.00000   0.01694   0.00000   0.00000   0.00000   0.00000   0.00000   0.00000   0.00000   0.00000   0.00000   0.00000   0.00000   0.00000   0.00000   0.03740   0.00000   0.00504   0.07093   0.60970  
 35  1.1037    612.385939  x:  0.01325   0.00000   0.00000   0.00000   0.00000   0.00000   0.00000   0.00000   0.27536   0.00000   0.00000   0.00000   0.00000   0.01647   0.00000   0.00000   0.00000   0.00000   0.00000   0.00000   0.00000   0.00000   0.00000   0.00000   0.00000   0.00000   0.00000   0.03084   0.00059   0.00956   0.07016   0.60952  
 36 193.6649    612.243967  x:  0.01350   0.00000   0.00000   0.00000   0.00000   0.00000   0.00000   0.00000   0.27559   0.00000   0.00000   0.00000   0.00000   0.01642   0.00000   0.00000   0.00000   0.00000   0.00000   0.00000   0.00000   0.00000   0.00000   0.00000   0.00000   0.00000   0.00000   0.02984   0.00000   0.00964   0.07005   0.60949  
 37 184.3466    611.152288  x:  0.01295   0.00000   0.00000   0.00000   0.00000   0.00000   0.00000   0.00000   0.28006   0.00000   0.00000   0.00000   0.00000   0.01680   0.00000   0.00000   0.00000   0.00000   0.00000   0.00000   0.00000   0.00000   0.00000   0.00000   0.00000   0.00000   0.00000   0.00944   0.00000   0.01966   0.06537   0.60878  
 38 383.8504    610.598255  x:  0.00580   0.00000   0.00000   0.00000   0.00000   0.00000   0.00000   0.00000   0.28538   0.00000   0.00000   0.00000   0.00000   0.01665   0.00000   0.00000   0.00000   0.00000   0.00000   0.00000   0.00000   0.00000   0.00000   0.00000   0.00000   0.00000   0.00000   0.00680   0.00000   0.01491   0.05958   0.60758  
 39 27.6427    610.502716  x:  0.00654   0.00000   0.00000   0.00000   0.00000   0.00000   0.00000   0.00000   0.29383   0.00000   0.00000   0.00000   0.00000   0.01831   0.00000   0.00000   0.00000   0.00000   0.00000   0.00000   0.00000   0.00000   0.00000   0.00000   0.00000   0.00000   0.00000   0.00742   0.00000   0.01432   0.05210   0.60533  
 40 19.0204    610.443452  x:  0.00623   0.00000   0.00000   0.00000   0.00000   0.00000   0.00000   0.00000   0.30307   0.00000   0.00000   0.00000   0.00000   0.01515   0.00000   0.00000   0.00000   0.00000   0.00000   0.00000   0.00000   0.00000   0.00000   0.00000   0.00000   0.00000   0.00000   0.00847   0.00000   0.01527   0.05160   0.60234  
 41 21.1094    610.352360  x:  0.00547   0.00000   0.00000   0.00000   0.00000   0.00000   0.00000   0.00000   0.32065   0.00000   0.00000   0.00000   0.00000   0.01809   0.00000   0.00000   0.00000   0.00000   0.00000   0.00000   0.00000   0.00000   0.00000   0.00000   0.00000   0.00000   0.00000   0.01018   0.00000   0.01665   0.05594   0.59555  
 42 36.4097    609.239847  x:  0.00541   0.00000   0.00000   0.00000   0.00000   0.00000   0.00000   0.00000   0.34475   0.00000   0.00000   0.00000   0.00000   0.01807   0.00000   0.00000   0.00000   0.00000   0.00000   0.00000   0.00000   0.00000   0.00000   0.00000   0.00000   0.00000   0.00000   0.01003   0.00000   0.01641   0.05675   0.29009  
 43  4.5629    608.277297  x:  0.00958   0.00000   0.00000   0.00000   0.00000   0.00000   0.00000   0.00000   0.40465   0.00000   0.00000   0.00000   0.00000   0.01625   0.00000   0.00000   0.00000   0.00000   0.00000   0.00000   0.00000   0.00000   0.00000   0.00000   0.00000   0.00000   0.00000   0.00434   0.00000   0.00876   0.06505   0.23945  
 44  0.1740    608.161239  x:  0.00968   0.00000   0.00000   0.00000   0.00000   0.00000   0.00000   0.00000   0.40892   0.00000   0.00000   0.00000   0.00000   0.01605   0.00000   0.00000   0.00000   0.00000   0.00000   0.00000   0.00000   0.00000   0.00000   0.00000   0.00000   0.00000   0.00000   0.00524   0.00000   0.00653   0.06570   0.27076  
 45  0.1654    608.014958  x:  0.00993   0.00000   0.00000   0.00000   0.00000   0.00000   0.00000   0.00000   0.45053   0.00000   0.00000   0.00000   0.00000   0.01589   0.00000   0.00000   0.00000   0.00000   0.00000   0.00000   0.00000   0.00000   0.00000   0.00000   0.00000   0.00000   0.00000   0.00823   0.00000   0.00881   0.06779   0.25888  
 46  0.0448    607.960174  x:  0.00893   0.00000   0.00000   0.00000   0.00000   0.00000   0.00000   0.00000   0.47415   0.00000   0.00000   0.00000   0.00000   0.01605   0.00000   0.00000   0.00000   0.00000   0.00000   0.00000   0.00000   0.00000   0.00000   0.00000   0.00000   0.00000   0.00000   0.00833   0.00000   0.00722   0.06673   0.23577  
 47  0.0447    607.918785  x:  0.00844   0.00000   0.00000   0.00000   0.00000   0.00000   0.00000   0.00000   0.49713   0.00000   0.00000   0.00000   0.00000   0.01627   0.00000   0.00000   0.00000   0.00000   0.00000   0.00000   0.00000   0.00000   0.00000   0.00000   0.00000   0.00000   0.00000   0.00727   0.00000   0.00753   0.06636   0.24485  
 48  0.0703    607.913877  x:  0.00865   0.00000   0.00000   0.00000   0.00000   0.00000   0.00000   0.00000   0.50791   0.00000   0.00000   0.00000   0.00000   0.01643   0.00000   0.00000   0.00000   0.00000   0.00000   0.00000   0.00000   0.00000   0.00000   0.00000   0.00000   0.00000   0.00000   0.00704   0.00000   0.00779   0.06749   0.23692  
 49  0.0098    607.913736  x:  0.00869   0.00000   0.00000   0.00000   0.00000   0.00000   0.00000   0.00000   0.50965   0.00000   0.00000   0.00000   0.00000   0.01644   0.00000   0.00000   0.00000   0.00000   0.00000   0.00000   0.00000   0.00000   0.00000   0.00000   0.00000   0.00000   0.00000   0.00710   0.00000   0.00772   0.06770   0.23699  
 50  0.0014    607.913734  x:  0.00868   0.00000   0.00000   0.00000   0.00000   0.00000   0.00000   0.00000   0.50986   0.00000   0.00000   0.00000   0.00000   0.01645   0.00000   0.00000   0.00000   0.00000   0.00000   0.00000   0.00000   0.00000   0.00000   0.00000   0.00000   0.00000   0.00000   0.00710   0.00000   0.00773   0.06769   0.23695  
 51  0.0002    607.913734  x:  0.00868   0.00000   0.00000   0.00000   0.00000   0.00000   0.00000   0.00000   0.50986   0.00000   0.00000   0.00000   0.00000   0.01644   0.00000   0.00000   0.00000   0.00000   0.00000   0.00000   0.00000   0.00000   0.00000   0.00000   0.00000   0.00000   0.00000   0.00710   0.00000   0.00773   0.06769   0.23695  
 52  0.0000    607.913734  x:  0.00868   0.00000   0.00000   0.00000   0.00000   0.00000   0.00000   0.00000   0.50986   0.00000   0.00000   0.00000   0.00000   0.01644   0.00000   0.00000   0.00000   0.00000   0.00000   0.00000   0.00000   0.00000   0.00000   0.00000   0.00000   0.00000   0.00000   0.00710   0.00000   0.00773   0.06769   0.23695  
 53  0.0000    607.913734  x:  0.00868   0.00000   0.00000   0.00000   0.00000   0.00000   0.00000   0.00000   0.50986   0.00000   0.00000   0.00000   0.00000   0.01644   0.00000   0.00000   0.00000   0.00000   0.00000   0.00000   0.00000   0.00000   0.00000   0.00000   0.00000   0.00000   0.00000   0.00710   0.00000   0.00773   0.06769   0.23695  