

TREE # 1

  0  0.0000   4076.038920  x:  0.01405   0.08049   0.04720   0.10682   0.09239   0.05896   0.05540   0.04034   0.03338   0.03409   0.04337   0.10802   0.06267   0.04013   0.07296   0.08467   0.05640   0.06549   0.06068   0.05180   0.09819   0.03630   0.09282   0.04031   0.10364   0.10849   0.05733   0.07158   0.07948   0.04185   0.04703   1.00000  
  1 99.0000   3804.638966  x:  0.16419   0.05859   0.01293   0.07159   0.07223   0.02640   0.01981   0.00432   0.01625   0.07106   0.01099   0.08328   0.02814   0.09583   0.07123   0.05769   0.03008   0.03285   0.03693   0.06593   0.08224   0.00822   0.06140   0.00000   0.07031   0.07243   0.16138   0.09189   0.13292   0.07915   0.24578   0.99817  
  2 2173.6410   3776.141394  x:  0.15610   0.04829   0.00295   0.05652   0.06457   0.01710   0.01047   0.01471   0.02114   0.07049   0.00000   0.07519   0.01399   0.09646   0.06913   0.04886   0.02341   0.02557   0.03067   0.06759   0.07694   0.00991   0.05094   0.00000   0.05751   0.05863   0.16630   0.08946   0.13999   0.07821   0.24889   0.99718  
  3 816.9848   3762.622539  x:  0.15062   0.04218   0.00000   0.04765   0.06016   0.01266   0.00855   0.01070   0.02185   0.06987   0.00000   0.07077   0.00646   0.09625   0.06771   0.04412   0.02053   0.02369   0.02745   0.06794   0.07377   0.01087   0.04508   0.00000   0.05029   0.05065   0.16833   0.08755   0.14310   0.07706   0.24977   0.99671  
  4 2937.2223   3746.486097  x:  0.14347   0.03246   0.00711   0.03271   0.05318   0.01010   0.01061   0.01129   0.02196   0.06891   0.00000   0.06337   0.00000   0.09596   0.06543   0.03713   0.01779   0.02356   0.02361   0.06789   0.06836   0.00935   0.03610   0.00000   0.03916   0.03770   0.17206   0.08422   0.14736   0.07499   0.25310   0.99606  
  5 2441.5450   3727.184517  x:  0.12968   0.01300   0.01208   0.00388   0.04033   0.00720   0.01022   0.01034   0.02161   0.06682   0.00000   0.04934   0.01044   0.09535   0.06155   0.02492   0.01448   0.02062   0.01712   0.06693   0.05807   0.00934   0.02036   0.00000   0.01888   0.01348   0.17874   0.07736   0.15461   0.07040   0.25959   0.99488  
  6 3189.5449   3723.303451  x:  0.12167   0.00000   0.01250   0.00814   0.03557   0.01444   0.00864   0.01040   0.01911   0.06531   0.00000   0.04100   0.00955   0.09328   0.05755   0.02271   0.01830   0.01621   0.01778   0.06403   0.05148   0.01258   0.01896   0.00000   0.01697   0.00919   0.18338   0.07169   0.15739   0.06581   0.26649   0.99413  
  7 358.9534   3722.700941  x:  0.11989   0.00000   0.01258   0.00841   0.03465   0.01519   0.00851   0.01045   0.01863   0.06489   0.00000   0.03934   0.00944   0.09276   0.05663   0.02245   0.01882   0.01542   0.01792   0.06334   0.05009   0.01305   0.01886   0.00302   0.01707   0.00926   0.18445   0.07042   0.15794   0.06473   0.26807   0.99395  
  8 925.0738   3720.821794  x:  0.10979   0.00000   0.01252   0.00661   0.03098   0.01434   0.00956   0.01096   0.01666   0.06208   0.00000   0.03185   0.00937   0.08954   0.05153   0.02280   0.01971   0.01191   0.01881   0.05957   0.04269   0.01307   0.01800   0.00247   0.02079   0.01500   0.19051   0.06333   0.16037   0.05843   0.27709   0.99293  
  9 408.8556   3719.652551  x:  0.10021   0.00000   0.01300   0.00955   0.03224   0.00979   0.00865   0.01112   0.01833   0.05934   0.00000   0.03241   0.01042   0.08598   0.04804   0.02483   0.01780   0.01423   0.01936   0.05660   0.03907   0.01072   0.01984   0.00242   0.02208   0.01252   0.19589   0.05735   0.16142   0.05295   0.28629   0.99179  
 10 226.7437   3719.121451  x:  0.09321   0.00000   0.01152   0.00753   0.03453   0.01210   0.00939   0.01175   0.01859   0.05786   0.00000   0.03624   0.00978   0.08337   0.04728   0.02545   0.01721   0.01627   0.01966   0.05580   0.04062   0.01278   0.02046   0.00234   0.02095   0.01306   0.19922   0.05463   0.16113   0.05061   0.29387   0.99065  
 11 143.5102   3718.890658  x:  0.08784   0.00000   0.01112   0.00789   0.03505   0.01205   0.00951   0.01176   0.01751   0.05773   0.00000   0.03738   0.00985   0.08185   0.04868   0.02465   0.01840   0.01537   0.01916   0.05641   0.04343   0.01052   0.01924   0.00247   0.02050   0.01360   0.20005   0.05495   0.15976   0.05115   0.29815   0.98954  
 12 84.0538   3718.723648  x:  0.08269   0.00000   0.01238   0.00814   0.03430   0.01084   0.00891   0.01153   0.01792   0.05820   0.00000   0.03632   0.01012   0.08094   0.05035   0.02415   0.01853   0.01530   0.01893   0.05732   0.04507   0.01236   0.01983   0.00235   0.02101   0.01371   0.20012   0.05709   0.15756   0.05304   0.30271   0.98794  
 13 72.9350   3718.629165  x:  0.08023   0.00229   0.01197   0.00783   0.03403   0.01132   0.00957   0.01140   0.01864   0.05854   0.00000   0.03573   0.01011   0.08095   0.05065   0.02471   0.01780   0.01505   0.01898   0.05757   0.04471   0.01202   0.02030   0.00238   0.02154   0.01315   0.19954   0.05893   0.15601   0.05415   0.30487   0.98672  
 14 64.7577   3718.559731  x:  0.07811   0.00198   0.01188   0.00739   0.03421   0.01162   0.00868   0.01134   0.01816   0.05893   0.00000   0.03595   0.01000   0.08173   0.05018   0.02541   0.01752   0.01541   0.01934   0.05744   0.04295   0.01158   0.01995   0.00242   0.02119   0.01320   0.19794   0.06087   0.15424   0.05488   0.30691   0.98489  
 15 37.7681   3718.520448  x:  0.07716   0.00161   0.01143   0.00769   0.03431   0.01115   0.00966   0.01153   0.01811   0.05905   0.00000   0.03617   0.01011   0.08240   0.04969   0.02512   0.01758   0.01539   0.01926   0.05728   0.04199   0.01185   0.01955   0.00246   0.02061   0.01320   0.19665   0.06185   0.15326   0.05493   0.30825   0.98332  
 16 48.3454   3718.441801  x:  0.07694   0.00236   0.01133   0.00728   0.03411   0.01081   0.00916   0.01138   0.01865   0.05839   0.00000   0.03614   0.01012   0.08353   0.04831   0.02316   0.01832   0.01562   0.01852   0.05668   0.04198   0.01178   0.01939   0.00245   0.02062   0.01308   0.19347   0.06199   0.15209   0.05312   0.31025   0.97893  
 17 28.4516   3718.331706  x:  0.07675   0.00189   0.01111   0.00673   0.03310   0.01056   0.00927   0.01121   0.01804   0.05753   0.00000   0.03491   0.01018   0.08383   0.04814   0.02375   0.01674   0.01479   0.01852   0.05660   0.04340   0.01180   0.01916   0.00246   0.02029   0.01206   0.18921   0.06077   0.15161   0.05108   0.31273   0.97138  
 18 47.5005   3718.242034  x:  0.07702   0.00291   0.01110   0.00694   0.03257   0.01027   0.00898   0.01089   0.01849   0.05732   0.00000   0.03441   0.01052   0.08288   0.04895   0.02443   0.01645   0.01536   0.01810   0.05688   0.04286   0.01195   0.01765   0.00253   0.01884   0.01260   0.18710   0.05894   0.15289   0.05103   0.31354   0.96433  
 19 53.2685   3718.096528  x:  0.07654   0.00273   0.01054   0.00578   0.03229   0.00993   0.00928   0.01041   0.01874   0.05768   0.00000   0.03437   0.01080   0.08066   0.05047   0.02376   0.01750   0.01552   0.01775   0.05762   0.04087   0.01166   0.01813   0.00255   0.01890   0.01170   0.18528   0.05624   0.15593   0.05291   0.31429   0.95188  
 20 91.2180   3718.015228  x:  0.07582   0.00301   0.01089   0.00589   0.03254   0.01002   0.00918   0.01003   0.01794   0.05806   0.00000   0.03476   0.01138   0.08014   0.04985   0.02202   0.01583   0.01524   0.01797   0.05773   0.04036   0.01176   0.01783   0.00256   0.01902   0.01167   0.18606   0.05576   0.15809   0.05398   0.31355   0.94425  
 21 67.5160   3717.862775  x:  0.07388   0.00288   0.01164   0.00535   0.03263   0.00958   0.00919   0.00903   0.01847   0.05853   0.00000   0.03480   0.01222   0.08126   0.04681   0.02286   0.01653   0.01424   0.01798   0.05717   0.04164   0.01203   0.01714   0.00259   0.01838   0.01120   0.19111   0.05755   0.16203   0.05469   0.31086   0.92822  
 22 68.4555   3717.790262  x:  0.07282   0.00229   0.01107   0.00543   0.03179   0.00994   0.00939   0.00885   0.01806   0.05823   0.00000   0.03407   0.01259   0.08250   0.04781   0.02266   0.01631   0.01573   0.01676   0.05720   0.04163   0.01165   0.01744   0.00257   0.01816   0.01124   0.19473   0.05920   0.16305   0.05336   0.30931   0.91963  
 23 60.9186   3717.763278  x:  0.07283   0.00238   0.01103   0.00529   0.03182   0.00977   0.00939   0.00872   0.01809   0.05790   0.00000   0.03411   0.01259   0.08286   0.04891   0.02233   0.01648   0.01568   0.01796   0.05745   0.04125   0.01170   0.01714   0.00259   0.01808   0.01107   0.19637   0.05977   0.16271   0.05225   0.30861   0.91585  
 24 39.8914   3717.746316  x:  0.07306   0.00227   0.01143   0.00522   0.03213   0.00984   0.00928   0.00854   0.01831   0.05778   0.00000   0.03445   0.01261   0.08260   0.04940   0.02238   0.01630   0.01475   0.01732   0.05775   0.04071   0.01186   0.01705   0.00261   0.01806   0.01102   0.19735   0.05980   0.16162   0.05166   0.30822   0.91267  
 25 21.3255   3717.716100  x:  0.07391   0.00252   0.01118   0.00512   0.03185   0.00952   0.00923   0.00877   0.01743   0.05793   0.00000   0.03438   0.01251   0.08151   0.04871   0.02241   0.01648   0.01491   0.01710   0.05800   0.04058   0.01203   0.01705   0.00260   0.01781   0.01076   0.19868   0.05914   0.15894   0.05176   0.30759   0.90546  
 26 23.2059   3717.683200  x:  0.07444   0.00181   0.01084   0.00514   0.03140   0.00981   0.00927   0.00869   0.01824   0.05810   0.00000   0.03392   0.01249   0.08060   0.04807   0.02205   0.01622   0.01525   0.01735   0.05807   0.04078   0.01171   0.01677   0.00262   0.01772   0.01083   0.19977   0.05840   0.15626   0.05237   0.30733   0.89697  
 27 81.6153   3717.575400  x:  0.07464   0.00198   0.01095   0.00516   0.03267   0.00978   0.00925   0.00865   0.01802   0.05684   0.00000   0.03333   0.01226   0.08296   0.04915   0.02212   0.01625   0.01508   0.01737   0.05524   0.04116   0.01176   0.01710   0.00255   0.01759   0.01094   0.19941   0.05615   0.15441   0.05445   0.30722   0.86620  
 28 36.6295   3717.467027  x:  0.07463   0.00216   0.01126   0.00550   0.03085   0.00992   0.00932   0.00855   0.01795   0.05723   0.00000   0.03522   0.01231   0.08380   0.04911   0.02269   0.01645   0.01510   0.01747   0.05613   0.04115   0.01196   0.01674   0.00254   0.01889   0.01093   0.19773   0.05601   0.15519   0.05411   0.30770   0.83506  
 29 110.6463   3717.396066  x:  0.07474   0.00216   0.01147   0.00561   0.03172   0.00998   0.00931   0.00835   0.01795   0.05788   0.00000   0.03469   0.01240   0.08282   0.04863   0.02268   0.01656   0.01501   0.01781   0.05762   0.04115   0.01155   0.01806   0.00248   0.01796   0.01158   0.19618   0.05719   0.15647   0.05289   0.30820   0.81414  
 30 140.7603   3717.379263  x:  0.07492   0.00204   0.01139   0.00559   0.03255   0.01004   0.00936   0.00837   0.01788   0.05792   0.00000   0.03425   0.01239   0.08198   0.04860   0.02274   0.01662   0.01528   0.01768   0.05755   0.04123   0.01169   0.01747   0.00250   0.01854   0.01134   0.19574   0.05798   0.15688   0.05253   0.30839   0.80934  
 31 51.9135   3717.372774  x:  0.07514   0.00198   0.01139   0.00558   0.03223   0.01003   0.00935   0.00837   0.01788   0.05765   0.00000   0.03442   0.01237   0.08111   0.04872   0.02269   0.01659   0.01517   0.01770   0.05663   0.04123   0.01167   0.01754   0.00248   0.01841   0.01136   0.19558   0.05868   0.15709   0.05244   0.30849   0.80788  
 32 10.1288   3717.160157  x:  0.07541   0.00171   0.01053   0.00595   0.03201   0.01005   0.00927   0.00783   0.01767   0.05084   0.00000   0.03444   0.01184   0.08060   0.04762   0.02272   0.01659   0.01537   0.01759   0.05919   0.04086   0.01168   0.01753   0.00251   0.01845   0.01138   0.19525   0.05966   0.15716   0.05423   0.30796   0.80853  
 33  0.3060   3714.630468  x:  0.07365   0.00185   0.00233   0.00673   0.03217   0.00859   0.00839   0.00377   0.01737   0.05318   0.00000   0.03449   0.00552   0.07951   0.04772   0.02275   0.01598   0.01668   0.01707   0.05740   0.04132   0.01239   0.01759   0.00238   0.01882   0.01144   0.19158   0.05857   0.15488   0.05366   0.30000   0.81749  
 34 11.8397   3713.939406  x:  0.07203   0.00205   0.00262   0.00700   0.03251   0.00779   0.00764   0.00523   0.01773   0.05451   0.00000   0.03498   0.00143   0.07968   0.04830   0.02282   0.01545   0.01579   0.01678   0.05721   0.04177   0.01290   0.01773   0.00217   0.01907   0.01169   0.19043   0.05941   0.15569   0.05326   0.29228   0.81754  
 35  0.0293   3713.797134  x:  0.07258   0.00197   0.00438   0.00705   0.03269   0.00717   0.00743   0.00472   0.01812   0.05639   0.00000   0.03542   0.00161   0.08099   0.04906   0.02269   0.01495   0.01526   0.01647   0.05775   0.04231   0.01307   0.01766   0.00200   0.01907   0.01178   0.19217   0.06043   0.15897   0.05352   0.29097   0.81346  
 36  0.0183   3713.735345  x:  0.07266   0.00177   0.00386   0.00698   0.03275   0.00711   0.00762   0.00528   0.01846   0.05791   0.00000   0.03581   0.00193   0.08242   0.04966   0.02244   0.01445   0.01565   0.01613   0.05841   0.04262   0.01308   0.01739   0.00183   0.01883   0.01180   0.19417   0.06128   0.16259   0.05376   0.29019   0.80712  
 37  0.0141   3713.718678  x:  0.07286   0.00172   0.00370   0.00695   0.03276   0.00734   0.00763   0.00507   0.01854   0.05844   0.00000   0.03589   0.00148   0.08280   0.04988   0.02240   0.01444   0.01577   0.01608   0.05866   0.04269   0.01310   0.01733   0.00172   0.01879   0.01181   0.19498   0.06150   0.16387   0.05385   0.29106   0.80571  
 38  0.0048   3713.713007  x:  0.07292   0.00171   0.00363   0.00699   0.03276   0.00728   0.00760   0.00508   0.01858   0.05850   0.00000   0.03582   0.00155   0.08266   0.04990   0.02245   0.01469   0.01583   0.01621   0.05881   0.04263   0.01306   0.01740   0.00163   0.01886   0.01179   0.19600   0.06146   0.16433   0.05389   0.29395   0.80710  
 39  0.0030   3713.712499  x:  0.07318   0.00169   0.00367   0.00698   0.03279   0.00732   0.00761   0.00510   0.01858   0.05841   0.00000   0.03584   0.00155   0.08275   0.04989   0.02249   0.01460   0.01578   0.01621   0.05883   0.04265   0.01307   0.01741   0.00164   0.01888   0.01179   0.19620   0.06147   0.16430   0.05396   0.29455   0.80659  
 40  0.0009   3713.712453  x:  0.07319   0.00168   0.00367   0.00699   0.03279   0.00729   0.00761   0.00510   0.01859   0.05840   0.00000   0.03584   0.00154   0.08278   0.04990   0.02248   0.01460   0.01578   0.01620   0.05883   0.04266   0.01308   0.01740   0.00165   0.01887   0.01180   0.19627   0.06148   0.16434   0.05397   0.29460   0.80641  
 41  0.0002   3713.712445  x:  0.07319   0.00167   0.00367   0.00699   0.03279   0.00730   0.00760   0.00510   0.01859   0.05841   0.00000   0.03584   0.00154   0.08279   0.04990   0.02248   0.01461   0.01578   0.01620   0.05884   0.04266   0.01308   0.01740   0.00166   0.01887   0.01180   0.19630   0.06148   0.16439   0.05396   0.29462   0.80642  
 42  0.0001   3713.712445  x:  0.07319   0.00168   0.00367   0.00699   0.03279   0.00730   0.00761   0.00510   0.01859   0.05842   0.00000   0.03584   0.00154   0.08278   0.04990   0.02248   0.01461   0.01578   0.01620   0.05884   0.04266   0.01308   0.01740   0.00166   0.01887   0.01180   0.19630   0.06148   0.16439   0.05396   0.29463   0.80645  
 43  0.0000   3713.712445  x:  0.07319   0.00168   0.00367   0.00699   0.03279   0.00730   0.00760   0.00510   0.01859   0.05842   0.00000   0.03584   0.00154   0.08278   0.04990   0.02248   0.01461   0.01578   0.01620   0.05884   0.04266   0.01308   0.01740   0.00166   0.01887   0.01180   0.19630   0.06148   0.16439   0.05396   0.29463   0.80644  