

TREE # 1

  0  0.0000   1879.553813  x:  0.07010   0.05755   0.10176   0.10308   0.03835   0.02209   0.05563   0.01149   0.01299   0.10749   0.02541   0.05240   0.05078   0.10440   0.10979   0.07058   0.07388   0.06234   0.05537   0.08665   0.03185   0.04174   0.10302   0.07346   0.03040   0.01442   0.01893   0.06457   0.08147   0.02325   0.05247   1.00000  
  1 99.0000   1798.640127  x:  0.10128   0.04988   0.09102   0.09292   0.02898   0.01064   0.04700   0.00000   0.00149   0.09712   0.01626   0.04138   0.04146   0.10249   0.10153   0.05950   0.06676   0.05138   0.04419   0.07885   0.02061   0.03051   0.09343   0.06249   0.01955   0.02286   0.00957   0.09141   0.07079   0.02058   0.10966   0.99786  
  2 1166.1839   1793.845655  x:  0.10228   0.04896   0.08963   0.09163   0.02787   0.00916   0.04595   0.00000   0.00000   0.09579   0.01523   0.03996   0.04030   0.10219   0.10048   0.05806   0.06587   0.04996   0.04274   0.07788   0.01915   0.02905   0.09220   0.06104   0.01810   0.02235   0.00837   0.09214   0.06942   0.02025   0.10963   0.99769  
  3 1250.0830   1770.671785  x:  0.12860   0.04180   0.08246   0.08469   0.01853   0.00198   0.03890   0.00000   0.00000   0.08902   0.00342   0.03252   0.03333   0.10486   0.09543   0.05099   0.06127   0.04299   0.03587   0.07281   0.01224   0.02207   0.08596   0.05420   0.01093   0.00241   0.00063   0.11194   0.06229   0.01744   0.09912   0.99097  
  4 1355.2063   1768.506896  x:  0.13111   0.04119   0.08194   0.08418   0.01773   0.00148   0.03832   0.00000   0.00000   0.08852   0.00237   0.03197   0.03278   0.10521   0.09507   0.05049   0.06094   0.04249   0.03539   0.07244   0.01176   0.02158   0.08551   0.05373   0.01047   0.00265   0.00000   0.11381   0.06177   0.01720   0.09758   0.99025  
  5 2369.3797   1764.752105  x:  0.13640   0.03985   0.08112   0.08333   0.01675   0.00000   0.03658   0.00000   0.00000   0.08700   0.01012   0.03127   0.03127   0.10712   0.09394   0.04896   0.05993   0.04109   0.03406   0.07129   0.01042   0.02017   0.08409   0.05225   0.00914   0.00287   0.00000   0.11783   0.06020   0.01751   0.09444   0.98583  
  6 432.3406   1741.955759  x:  0.13823   0.03781   0.07303   0.07479   0.02471   0.00000   0.02992   0.00000   0.00000   0.07723   0.01119   0.02377   0.02052   0.12038   0.08878   0.03925   0.05567   0.03292   0.02631   0.06557   0.00278   0.01178   0.07537   0.04113   0.00000   0.00318   0.00000   0.11960   0.05026   0.01868   0.09333   0.93652  
  7 182.0055   1734.234152  x:  0.13897   0.03699   0.07010   0.07161   0.02934   0.00000   0.02679   0.00000   0.00000   0.07358   0.01144   0.02095   0.01595   0.12640   0.08677   0.03569   0.05397   0.02994   0.02355   0.06329   0.00000   0.00874   0.07207   0.03738   0.00000   0.00331   0.00000   0.12044   0.04660   0.02005   0.09284   0.91816  
  8 27122.2081   1716.673420  x:  0.14111   0.03380   0.06191   0.06277   0.04462   0.00000   0.02436   0.00000   0.00000   0.06347   0.01288   0.01261   0.00968   0.14290   0.08172   0.02550   0.04942   0.02109   0.01592   0.05715   0.00000   0.00000   0.06333   0.03230   0.00000   0.00362   0.00000   0.12236   0.03576   0.01299   0.09161   0.87576  
  9 3260.4884   1694.333699  x:  0.14433   0.02939   0.04939   0.04983   0.06282   0.00000   0.02421   0.00000   0.00000   0.04893   0.01451   0.00000   0.00608   0.16237   0.07503   0.01018   0.04348   0.00745   0.00435   0.04911   0.00000   0.00000   0.05128   0.02706   0.00000   0.00398   0.00000   0.12473   0.02036   0.01303   0.08990   0.82162  
 10 8493.6322   1686.480594  x:  0.14562   0.02646   0.04489   0.04450   0.07035   0.00000   0.02621   0.00000   0.00000   0.04277   0.01519   0.00000   0.00464   0.17138   0.07201   0.00438   0.04041   0.00243   0.00000   0.04503   0.00000   0.00000   0.04582   0.02480   0.00000   0.00414   0.00000   0.12579   0.01414   0.01352   0.08919   0.79823  
 11 19168.6918   1683.073385  x:  0.14626   0.02680   0.04271   0.04187   0.07331   0.00000   0.02596   0.00000   0.00000   0.03966   0.01556   0.00000   0.00529   0.17595   0.07030   0.00140   0.03944   0.00000   0.00000   0.04354   0.00000   0.00000   0.04319   0.02329   0.00000   0.00422   0.00000   0.12621   0.01076   0.01369   0.08888   0.78733  
 12 2567.4732   1681.740255  x:  0.14648   0.02652   0.04166   0.04083   0.07435   0.00000   0.02592   0.00000   0.00000   0.03847   0.01574   0.00000   0.00506   0.17757   0.06954   0.00000   0.03920   0.00000   0.00000   0.04318   0.00000   0.00000   0.04233   0.02266   0.00000   0.00425   0.00000   0.12630   0.00929   0.01376   0.08879   0.78318  
 13 6095.4298   1674.290401  x:  0.14735   0.02460   0.03377   0.03484   0.07928   0.00000   0.02488   0.00000   0.00000   0.03220   0.01665   0.00000   0.00533   0.18475   0.06597   0.00000   0.03531   0.00000   0.00000   0.03912   0.00000   0.00000   0.03799   0.01716   0.00000   0.00439   0.00000   0.12683   0.00000   0.01412   0.08837   0.76354  
 14 3028.0619   1658.656073  x:  0.15039   0.02608   0.01052   0.01768   0.09000   0.00000   0.02722   0.00000   0.00000   0.01421   0.01934   0.00000   0.00189   0.20239   0.05336   0.00000   0.03347   0.00000   0.00000   0.03142   0.00000   0.00000   0.02262   0.00000   0.00000   0.00479   0.00000   0.12801   0.00000   0.01499   0.08712   0.71819  
 15 3166.0606   1652.846359  x:  0.14970   0.02150   0.00000   0.01385   0.08778   0.00000   0.02283   0.00000   0.00000   0.01179   0.02011   0.00000   0.00361   0.20682   0.04653   0.00000   0.03258   0.00000   0.00000   0.03126   0.00000   0.00000   0.01753   0.00000   0.00000   0.00485   0.00000   0.12714   0.00000   0.01453   0.08763   0.70795  
 16 414.1826   1645.746919  x:  0.14773   0.02244   0.00000   0.01102   0.07639   0.00000   0.01683   0.00000   0.00000   0.00915   0.02018   0.00000   0.00000   0.20481   0.03628   0.00000   0.02686   0.00000   0.00000   0.02546   0.00000   0.00000   0.01685   0.00000   0.00000   0.00477   0.00000   0.12491   0.00000   0.01337   0.08888   0.70774  
 17 387.9353   1634.074605  x:  0.14156   0.02313   0.00000   0.00688   0.04364   0.00000   0.00477   0.00000   0.00000   0.00491   0.01795   0.00000   0.00000   0.18498   0.04433   0.00000   0.02123   0.00000   0.00000   0.01900   0.00000   0.00000   0.00227   0.00000   0.00000   0.00446   0.00000   0.11962   0.00000   0.01082   0.09234   0.73671  
 18 530.3319   1632.107466  x:  0.14026   0.02215   0.00000   0.00306   0.03701   0.00000   0.00280   0.00000   0.00000   0.00154   0.01742   0.00000   0.00000   0.18098   0.04637   0.00000   0.02160   0.00000   0.00000   0.01864   0.00000   0.00000   0.00356   0.00000   0.00000   0.00441   0.00000   0.11857   0.00000   0.01040   0.09307   0.74323  
 19 773.4170   1631.533105  x:  0.13994   0.02190   0.00000   0.00127   0.03504   0.00000   0.00276   0.00000   0.00000   0.00229   0.01718   0.00000   0.00000   0.17969   0.04576   0.00000   0.02176   0.00000   0.00000   0.01847   0.00000   0.00000   0.00352   0.00000   0.00000   0.00441   0.00000   0.11826   0.00000   0.01033   0.09327   0.74523  
 20 411.2579   1623.721627  x:  0.13635   0.01650   0.00000   0.00043   0.01221   0.00000   0.00409   0.00000   0.00000   0.00028   0.01231   0.00000   0.00000   0.16316   0.03151   0.00000   0.02591   0.00000   0.00000   0.01762   0.00000   0.00000   0.00181   0.00000   0.00000   0.00442   0.00000   0.11436   0.00000   0.00982   0.09562   0.77121  
 21 644.7121   1620.607080  x:  0.13500   0.01339   0.00000   0.00058   0.00234   0.00000   0.00326   0.00000   0.00000   0.00049   0.01007   0.00000   0.00000   0.15620   0.02525   0.00000   0.03050   0.00000   0.00000   0.01498   0.00000   0.00000   0.00147   0.00000   0.00000   0.00442   0.00000   0.11221   0.00000   0.00965   0.09672   0.78208  
 22 2261.5261   1616.617761  x:  0.13987   0.00801   0.00000   0.00068   0.00636   0.00000   0.00172   0.00000   0.00000   0.00062   0.00674   0.00000   0.00000   0.11532   0.01347   0.00000   0.03553   0.00000   0.00000   0.01539   0.00000   0.00000   0.00065   0.00000   0.00000   0.00448   0.00000   0.10905   0.00000   0.00907   0.09594   0.80423  
 23 240.7350   1616.173218  x:  0.14065   0.00718   0.00000   0.00070   0.00694   0.00000   0.00149   0.00000   0.00000   0.00064   0.00625   0.00000   0.00238   0.10926   0.01179   0.00000   0.03621   0.00000   0.00000   0.01540   0.00000   0.00000   0.00054   0.00000   0.00000   0.00450   0.00000   0.10852   0.00000   0.00898   0.09583   0.80733  
 24 1480.7144   1614.503370  x:  0.14571   0.00333   0.00000   0.00066   0.00695   0.00000   0.00169   0.00000   0.00000   0.00061   0.00567   0.00000   0.00227   0.09914   0.01359   0.00000   0.03264   0.00000   0.00000   0.01082   0.00000   0.00000   0.00070   0.00000   0.00000   0.00489   0.00000   0.10335   0.00000   0.00813   0.09589   0.79926  
 25 42.5182   1613.436733  x:  0.15129   0.00000   0.00000   0.00059   0.00617   0.00000   0.00174   0.00000   0.00000   0.00056   0.00482   0.00000   0.00209   0.08821   0.01478   0.00000   0.02517   0.00000   0.00000   0.01042   0.00000   0.00000   0.00079   0.00000   0.00000   0.00539   0.00895   0.09772   0.00000   0.00726   0.09598   0.78809  
 26 353.9662   1613.436733  x:  0.15129   0.00000   0.00000   0.00059   0.00617   0.00000   0.00174   0.00000   0.00000   0.00056   0.00482   0.00000   0.00209   0.08821   0.01478   0.00000   0.02517   0.00000   0.00000   0.01042   0.00000   0.00000   0.00079   0.00000   0.00000   0.00539   0.00895   0.09772   0.00000   0.00726   0.09598   0.78809  
 27 154.8132   1605.559698  x:  0.15149   0.00378   0.00000   0.00588   0.00566   0.00000   0.00497   0.00000   0.00000   0.00623   0.00449   0.00000   0.00226   0.08772   0.01477   0.00000   0.02466   0.00000   0.00000   0.01076   0.00000   0.00000   0.00931   0.00000   0.00000   0.00710   0.00911   0.09800   0.00000   0.00770   0.09700   0.78806  
 28 3360.0311   1599.758135  x:  0.15337   0.01046   0.00000   0.00286   0.00131   0.00000   0.01007   0.00000   0.00000   0.00296   0.00198   0.00000   0.00362   0.08301   0.01483   0.00000   0.01988   0.00000   0.00000   0.01395   0.00000   0.00000   0.00893   0.00000   0.00000   0.01801   0.00403   0.10098   0.00000   0.01153   0.10726   0.78787  
 29 566.6970   1597.068366  x:  0.15464   0.01281   0.00000   0.00254   0.00506   0.00000   0.01120   0.00000   0.00000   0.00242   0.00351   0.00000   0.00367   0.07981   0.01479   0.00000   0.01700   0.00000   0.00000   0.01526   0.00000   0.00000   0.00835   0.00000   0.00000   0.02176   0.00000   0.10298   0.00000   0.01276   0.11401   0.78774  
 30 976.6817   1592.618521  x:  0.15934   0.01428   0.00000   0.00674   0.00364   0.00000   0.00725   0.00000   0.00000   0.00737   0.00499   0.00000   0.00155   0.06813   0.01457   0.00000   0.00923   0.00000   0.00000   0.01655   0.00000   0.00000   0.00334   0.00000   0.00000   0.02384   0.00000   0.11017   0.00000   0.01242   0.13770   0.78728  
 31 679.4507   1588.115364  x:  0.16520   0.01228   0.00000   0.00528   0.00286   0.00000   0.00225   0.00000   0.00000   0.00611   0.00401   0.00000   0.00490   0.05390   0.01495   0.00000   0.00722   0.00000   0.00000   0.01623   0.00000   0.00000   0.00832   0.00000   0.00000   0.02125   0.00000   0.11878   0.00000   0.01035   0.16603   0.78665  
 32 955.1285   1584.051038  x:  0.17233   0.00838   0.00000   0.00419   0.00221   0.00000   0.00843   0.00000   0.00000   0.00507   0.00277   0.00000   0.00513   0.03716   0.01504   0.00000   0.01021   0.00000   0.00000   0.01473   0.00000   0.00000   0.01045   0.00000   0.00000   0.01466   0.00000   0.12899   0.00000   0.00742   0.19979   0.78585  
 33 1839.3364   1583.124119  x:  0.17439   0.01090   0.00000   0.00436   0.00197   0.00000   0.00718   0.00000   0.00000   0.00424   0.00306   0.00000   0.00260   0.03617   0.01482   0.00000   0.01516   0.00000   0.00000   0.01386   0.00000   0.00000   0.01070   0.00000   0.00000   0.01272   0.00000   0.13124   0.00000   0.01087   0.20828   0.78547  
 34 325.9693   1582.865901  x:  0.17547   0.01156   0.00000   0.00464   0.00246   0.00000   0.00701   0.00000   0.00000   0.00499   0.00208   0.00000   0.00414   0.03855   0.01492   0.00000   0.01690   0.00000   0.00000   0.01355   0.00000   0.00000   0.00985   0.00000   0.00000   0.01251   0.00000   0.13191   0.00000   0.01111   0.21177   0.78516  
 35 157.4228   1582.635894  x:  0.17679   0.01178   0.00000   0.00458   0.00196   0.00000   0.00708   0.00000   0.00000   0.00542   0.00348   0.00000   0.00538   0.04206   0.01508   0.00000   0.01835   0.00000   0.00000   0.01335   0.00000   0.00000   0.00953   0.00000   0.00000   0.01260   0.00000   0.13255   0.00000   0.01068   0.21564   0.78475  
 36 319.2872   1582.215914  x:  0.17963   0.01067   0.00000   0.00433   0.00206   0.00000   0.00700   0.00000   0.00000   0.00502   0.00285   0.00000   0.00319   0.05012   0.01524   0.00000   0.01902   0.00000   0.00000   0.01358   0.00000   0.00000   0.01045   0.00000   0.00000   0.01324   0.00000   0.13345   0.00000   0.00875   0.22278   0.78377  
 37 217.7119   1582.148486  x:  0.18058   0.00996   0.00000   0.00466   0.00196   0.00000   0.00737   0.00000   0.00000   0.00458   0.00279   0.00000   0.00325   0.05181   0.01543   0.00000   0.01804   0.00000   0.00000   0.01373   0.00000   0.00000   0.01075   0.00000   0.00000   0.01242   0.00000   0.13330   0.00000   0.01005   0.22405   0.78334  
 38 70.1656   1582.136467  x:  0.18121   0.01026   0.00000   0.00420   0.00195   0.00000   0.00746   0.00000   0.00000   0.00481   0.00278   0.00000   0.00319   0.05202   0.01549   0.00000   0.01770   0.00000   0.00000   0.01365   0.00000   0.00000   0.01080   0.00000   0.00000   0.01202   0.00000   0.13293   0.00000   0.01011   0.22421   0.78297  
 39 24.2286   1582.103540  x:  0.18443   0.01104   0.00000   0.00456   0.00193   0.00000   0.00755   0.00000   0.00000   0.00423   0.00276   0.00000   0.00326   0.05209   0.01562   0.00000   0.01733   0.00000   0.00000   0.01330   0.00000   0.00000   0.01076   0.00000   0.00000   0.01163   0.00000   0.13083   0.00000   0.00970   0.22450   0.78099  
 40 28.6084   1581.974726  x:  0.19845   0.01044   0.00000   0.00448   0.00195   0.00000   0.00752   0.00000   0.00000   0.00477   0.00278   0.00000   0.00321   0.05161   0.01574   0.00000   0.01765   0.00000   0.00000   0.01307   0.00000   0.00000   0.01093   0.00000   0.00000   0.01269   0.00000   0.12163   0.00000   0.01015   0.22554   0.77205  
 41 111.2401   1581.965600  x:  0.19933   0.01052   0.00000   0.00451   0.00193   0.00000   0.00751   0.00000   0.00000   0.00478   0.00278   0.00000   0.00325   0.05159   0.01552   0.00000   0.01776   0.00000   0.00000   0.01393   0.00000   0.00000   0.01093   0.00000   0.00000   0.01253   0.00000   0.12114   0.00000   0.01008   0.22558   0.77105  
 42 28.4920   1581.886925  x:  0.20131   0.01088   0.00000   0.00454   0.00188   0.00000   0.00772   0.00000   0.00000   0.00480   0.00276   0.00000   0.00338   0.05196   0.01304   0.00000   0.01737   0.00000   0.00000   0.01357   0.00000   0.00000   0.01127   0.00000   0.00000   0.01295   0.00000   0.12400   0.00000   0.01030   0.22514   0.75064  
 43 10.2406   1581.563053  x:  0.20864   0.01250   0.00000   0.00489   0.00175   0.00000   0.00848   0.00000   0.00000   0.00520   0.00266   0.00000   0.00317   0.05308   0.01564   0.00000   0.01671   0.00000   0.00000   0.01450   0.00000   0.00000   0.01243   0.00000   0.00000   0.01477   0.00000   0.13641   0.00000   0.01094   0.22327   0.66079  
 44 312.5493   1581.317197  x:  0.19824   0.01287   0.00000   0.00496   0.00165   0.00000   0.00871   0.00000   0.00000   0.00525   0.00257   0.00000   0.00309   0.05295   0.01515   0.00000   0.01637   0.00000   0.00000   0.01433   0.00000   0.00000   0.01288   0.00000   0.00000   0.01500   0.00000   0.12475   0.00000   0.01097   0.23017   0.58742  
 45 35.2771   1581.160428  x:  0.20390   0.01159   0.00000   0.00468   0.00180   0.00000   0.00811   0.00000   0.00000   0.00497   0.00266   0.00000   0.00311   0.05211   0.01490   0.00000   0.01695   0.00000   0.00000   0.01392   0.00000   0.00000   0.01190   0.00000   0.00000   0.01369   0.00000   0.12830   0.00000   0.01047   0.22700   0.53356  
 46 12.0384   1579.514224  x:  0.20347   0.01110   0.00000   0.00318   0.00493   0.00000   0.00781   0.00000   0.00000   0.00262   0.00433   0.00000   0.00369   0.05078   0.01549   0.00000   0.01701   0.00000   0.00000   0.01455   0.00000   0.00000   0.00900   0.00000   0.00000   0.01346   0.00000   0.12678   0.00000   0.01137   0.27557   0.58313  
 47  0.0401   1579.086483  x:  0.21525   0.01184   0.00000   0.00389   0.00505   0.00000   0.00810   0.00000   0.00000   0.00497   0.00422   0.00000   0.00349   0.05015   0.01602   0.00000   0.01631   0.00000   0.00000   0.01513   0.00000   0.00000   0.00804   0.00000   0.00000   0.01537   0.00000   0.13487   0.00000   0.01170   0.30041   0.53391  
 48  0.0444   1578.973624  x:  0.22113   0.01118   0.00000   0.00403   0.00466   0.00000   0.00776   0.00000   0.00000   0.00390   0.00388   0.00000   0.00299   0.05028   0.01582   0.00000   0.01510   0.00000   0.00000   0.01507   0.00000   0.00000   0.00744   0.00000   0.00000   0.01525   0.00000   0.13710   0.00000   0.01107   0.31211   0.52040  
 49  0.0127   1578.941229  x:  0.22006   0.01156   0.00000   0.00375   0.00415   0.00000   0.00772   0.00000   0.00000   0.00363   0.00378   0.00000   0.00342   0.05064   0.01581   0.00000   0.01508   0.00000   0.00000   0.01522   0.00000   0.00000   0.00783   0.00000   0.00000   0.01558   0.00000   0.13574   0.00000   0.01117   0.31630   0.53112  
 50  0.0076   1578.934527  x:  0.21921   0.01151   0.00000   0.00374   0.00388   0.00000   0.00753   0.00000   0.00000   0.00380   0.00375   0.00000   0.00342   0.05046   0.01584   0.00000   0.01540   0.00000   0.00000   0.01523   0.00000   0.00000   0.00767   0.00000   0.00000   0.01555   0.00000   0.13509   0.00000   0.01127   0.31654   0.52653  
 51  0.0036   1578.933323  x:  0.21936   0.01156   0.00000   0.00381   0.00380   0.00000   0.00755   0.00000   0.00000   0.00380   0.00377   0.00000   0.00332   0.05053   0.01586   0.00000   0.01525   0.00000   0.00000   0.01525   0.00000   0.00000   0.00771   0.00000   0.00000   0.01560   0.00000   0.13539   0.00000   0.01138   0.31600   0.52642  
 52  0.0006   1578.933118  x:  0.21942   0.01154   0.00000   0.00379   0.00379   0.00000   0.00756   0.00000   0.00000   0.00380   0.00381   0.00000   0.00331   0.05050   0.01586   0.00000   0.01524   0.00000   0.00000   0.01523   0.00000   0.00000   0.00764   0.00000   0.00000   0.01557   0.00000   0.13550   0.00000   0.01138   0.31563   0.52748  
 53  0.0010   1578.933078  x:  0.21933   0.01155   0.00000   0.00378   0.00379   0.00000   0.00757   0.00000   0.00000   0.00379   0.00382   0.00000   0.00332   0.05050   0.01585   0.00000   0.01524   0.00000   0.00000   0.01524   0.00000   0.00000   0.00764   0.00000   0.00000   0.01558   0.00000   0.13544   0.00000   0.01138   0.31554   0.52703  
 54  0.0004   1578.933072  x:  0.21932   0.01155   0.00000   0.00379   0.00379   0.00000   0.00758   0.00000   0.00000   0.00379   0.00382   0.00000   0.00332   0.05050   0.01585   0.00000   0.01525   0.00000   0.00000   0.01524   0.00000   0.00000   0.00765   0.00000   0.00000   0.01559   0.00000   0.13542   0.00000   0.01137   0.31557   0.52722  
 55  0.0001   1578.933071  x:  0.21934   0.01155   0.00000   0.00379   0.00379   0.00000   0.00758   0.00000   0.00000   0.00379   0.00382   0.00000   0.00332   0.05050   0.01585   0.00000   0.01525   0.00000   0.00000   0.01524   0.00000   0.00000   0.00764   0.00000   0.00000   0.01559   0.00000   0.13543   0.00000   0.01137   0.31560   0.52716  
 56  0.0000   1578.933070  x:  0.21933   0.01155   0.00000   0.00379   0.00379   0.00000   0.00759   0.00000   0.00000   0.00379   0.00382   0.00000   0.00332   0.05050   0.01585   0.00000   0.01525   0.00000   0.00000   0.01524   0.00000   0.00000   0.00764   0.00000   0.00000   0.01559   0.00000   0.13543   0.00000   0.01137   0.31559   0.52716  
 57  0.0000   1578.933070  x:  0.21933   0.01155   0.00000   0.00379   0.00379   0.00000   0.00759   0.00000   0.00000   0.00379   0.00382   0.00000   0.00332   0.05050   0.01585   0.00000   0.01525   0.00000   0.00000   0.01524   0.00000   0.00000   0.00764   0.00000   0.00000   0.01559   0.00000   0.13543   0.00000   0.01137   0.31559   0.52717  
 58  0.0000   1578.933070  x:  0.21933   0.01155   0.00000   0.00379   0.00379   0.00000   0.00759   0.00000   0.00000   0.00379   0.00382   0.00000   0.00332   0.05050   0.01585   0.00000   0.01525   0.00000   0.00000   0.01524   0.00000   0.00000   0.00764   0.00000   0.00000   0.01559   0.00000   0.13543   0.00000   0.01137   0.31559   0.52717  
 59  0.0000   1578.933070  x:  0.21933   0.01155   0.00000   0.00379   0.00379   0.00000   0.00759   0.00000   0.00000   0.00379   0.00382   0.00000   0.00332   0.05050   0.01585   0.00000   0.01525   0.00000   0.00000   0.01524   0.00000   0.00000   0.00764   0.00000   0.00000   0.01559   0.00000   0.13543   0.00000   0.01137   0.31559   0.52717  
 60  0.0000   1578.933070  x:  0.21933   0.01155   0.00000   0.00379   0.00379   0.00000   0.00759   0.00000   0.00000   0.00379   0.00382   0.00000   0.00332   0.05050   0.01585   0.00000   0.01525   0.00000   0.00000   0.01524   0.00000   0.00000   0.00764   0.00000   0.00000   0.01559   0.00000   0.13543   0.00000   0.01137   0.31559   0.52717  
 61  0.0000   1578.933070  x:  0.21933   0.01155   0.00000   0.00379   0.00379   0.00000   0.00759   0.00000   0.00000   0.00379   0.00382   0.00000   0.00332   0.05050   0.01585   0.00000   0.01525   0.00000   0.00000   0.01524   0.00000   0.00000   0.00764   0.00000   0.00000   0.01559   0.00000   0.13543   0.00000   0.01137   0.31559   0.52717  
 62  0.0000   1578.933070  x:  0.21933   0.01155   0.00000   0.00379   0.00379   0.00000   0.00759   0.00000   0.00000   0.00379   0.00382   0.00000   0.00332   0.05050   0.01585   0.00000   0.01525   0.00000   0.00000   0.01524   0.00000   0.00000   0.00764   0.00000   0.00000   0.01559   0.00000   0.13543   0.00000   0.01137   0.31559   0.52717  
 63  0.0000   1578.933070  x:  0.21933   0.01155   0.00000   0.00379   0.00379   0.00000   0.00759   0.00000   0.00000   0.00379   0.00382   0.00000   0.00332   0.05050   0.01585   0.00000   0.01525   0.00000   0.00000   0.01524   0.00000   0.00000   0.00764   0.00000   0.00000   0.01559   0.00000   0.13543   0.00000   0.01137   0.31559   0.52717  