

TREE # 1

  0  0.0000   2696.410412  x:  0.10302   0.05596   0.03296   0.06567   0.10771   0.05156   0.02195   0.08951   0.01905   0.04480   0.06836   0.01195   0.05362   0.05801   0.10216   0.10201   0.01104   0.08371   0.04505   0.05360   0.01220   0.09695   0.03390   0.08242   0.03707   0.04251   0.07412   0.04377   0.04176   0.03307   0.09022   1.00000  
  1 99.0000   2599.656817  x:  0.09582   0.03137   0.01090   0.04371   0.08531   0.02664   0.00747   0.06572   0.00000   0.04701   0.05013   0.08114   0.03641   0.04696   0.13646   0.10241   0.06122   0.05961   0.03583   0.04016   0.04479   0.07666   0.01260   0.05952   0.02569   0.02101   0.06152   0.02709   0.03797   0.10934   0.09228   0.99470  
  2 1244.2288   2575.437308  x:  0.09221   0.01917   0.00000   0.03302   0.07432   0.01481   0.00230   0.05396   0.01737   0.04806   0.04106   0.10976   0.02773   0.04148   0.15223   0.10229   0.08208   0.04764   0.03146   0.03358   0.05793   0.06662   0.00259   0.04824   0.02051   0.01072   0.05546   0.01899   0.03582   0.14204   0.09319   0.99216  
  3 8171.8914   2548.225793  x:  0.08685   0.00159   0.00000   0.01968   0.05785   0.00000   0.03091   0.03817   0.02116   0.04928   0.02862   0.11792   0.01505   0.03422   0.16603   0.09976   0.08825   0.03023   0.02734   0.02554   0.05841   0.05256   0.00793   0.03311   0.01808   0.00200   0.04847   0.00942   0.03142   0.15784   0.09364   0.98907  
  4 1425.8019   2548.225793  x:  0.08685   0.00159   0.00000   0.01968   0.05785   0.00000   0.03091   0.03817   0.02116   0.04928   0.02862   0.11792   0.01505   0.03422   0.16603   0.09976   0.08825   0.03023   0.02734   0.02554   0.05841   0.05256   0.00793   0.03311   0.01808   0.00200   0.04847   0.00942   0.03142   0.15784   0.09364   0.98907  
  5 1938.3789   2544.394662  x:  0.08635   0.00000   0.00000   0.01886   0.05642   0.00031   0.02978   0.03684   0.01990   0.04927   0.02771   0.11700   0.01409   0.03376   0.16659   0.09935   0.08756   0.02857   0.02731   0.02509   0.05752   0.05127   0.00758   0.03187   0.01838   0.00570   0.04805   0.00914   0.03109   0.15757   0.09355   0.98886  
  6 828.7489   2510.105789  x:  0.07880   0.00000   0.00000   0.00698   0.03477   0.00390   0.01287   0.01669   0.00097   0.04891   0.01441   0.10303   0.00000   0.02708   0.17483   0.09303   0.07713   0.00341   0.02687   0.01848   0.04421   0.03183   0.00311   0.01245   0.02025   0.00536   0.04176   0.00541   0.02625   0.15349   0.09200   0.98578  
  7 1431.8277   2510.105789  x:  0.07880   0.00000   0.00000   0.00698   0.03477   0.00390   0.01287   0.01669   0.00097   0.04891   0.01441   0.10303   0.00000   0.02708   0.17483   0.09303   0.07713   0.00341   0.02687   0.01848   0.04421   0.03183   0.00311   0.01245   0.02025   0.00536   0.04176   0.00541   0.02625   0.15349   0.09200   0.98578  
  8 2805.7540   2506.182273  x:  0.07768   0.00000   0.00000   0.00793   0.03223   0.00317   0.01209   0.01449   0.01097   0.04854   0.01407   0.10123   0.00330   0.02694   0.17543   0.09204   0.07569   0.00000   0.02680   0.01806   0.04271   0.02941   0.00706   0.01096   0.01973   0.00621   0.04114   0.00572   0.02581   0.15272   0.09149   0.98552  
  9 999.5710   2497.928696  x:  0.07183   0.00000   0.00000   0.01147   0.01878   0.00000   0.00752   0.00493   0.00916   0.04657   0.01160   0.09180   0.00403   0.02474   0.17837   0.08688   0.06817   0.00000   0.02653   0.01615   0.03506   0.01700   0.00928   0.00378   0.01729   0.00807   0.03815   0.00714   0.02363   0.14868   0.08879   0.98417  
 10 525.5470   2496.484764  x:  0.07032   0.00000   0.00000   0.01233   0.01535   0.00083   0.00643   0.00265   0.00875   0.04606   0.01098   0.08936   0.00420   0.02418   0.17912   0.08554   0.06622   0.00000   0.02645   0.01566   0.03310   0.01383   0.00982   0.00210   0.01668   0.00851   0.03738   0.00749   0.02307   0.14763   0.08808   0.98382  
 11 8652.0085   2492.174020  x:  0.06543   0.00000   0.00000   0.01386   0.00512   0.00120   0.00526   0.00405   0.00813   0.04429   0.00953   0.08151   0.00459   0.02244   0.18135   0.08120   0.05995   0.00000   0.02613   0.01434   0.02716   0.00495   0.01098   0.00467   0.01512   0.00908   0.03500   0.00820   0.02131   0.14414   0.08570   0.98273  
 12 1300.8064   2490.106148  x:  0.06110   0.00000   0.00000   0.01380   0.00146   0.00120   0.00655   0.00577   0.00838   0.04278   0.00978   0.07459   0.00458   0.02112   0.18302   0.07732   0.05442   0.00000   0.02581   0.01383   0.02297   0.00655   0.01034   0.00263   0.01444   0.00809   0.03328   0.00804   0.01998   0.14082   0.08343   0.98180  
 13 544.6694   2484.972345  x:  0.04777   0.00000   0.00000   0.01424   0.00402   0.00111   0.00638   0.00519   0.00893   0.03847   0.01065   0.05307   0.00479   0.01726   0.18812   0.06531   0.03728   0.00000   0.02477   0.01253   0.01095   0.00779   0.00832   0.00321   0.01265   0.00586   0.02816   0.00739   0.01609   0.13036   0.07639   0.97886  
 14 1350.6696   2482.736303  x:  0.04020   0.00000   0.00000   0.01226   0.00330   0.00104   0.00568   0.00376   0.00932   0.03592   0.01085   0.03994   0.00441   0.01635   0.19067   0.05800   0.02726   0.00000   0.02375   0.01355   0.01659   0.00841   0.00733   0.00426   0.01333   0.00674   0.02624   0.00785   0.01571   0.12270   0.07148   0.97685  
 15 565.5874   2482.446124  x:  0.03931   0.00000   0.00000   0.01196   0.00410   0.00104   0.00546   0.00495   0.00925   0.03561   0.01069   0.03820   0.00442   0.01655   0.19099   0.05695   0.02614   0.00000   0.02348   0.01351   0.01744   0.00739   0.00757   0.00305   0.01340   0.00682   0.02626   0.00808   0.01602   0.12100   0.07050   0.97640  
 16 330.7854   2482.068267  x:  0.03904   0.00000   0.00000   0.01064   0.00434   0.00098   0.00704   0.00436   0.00893   0.03521   0.01002   0.03683   0.00371   0.01836   0.19120   0.05532   0.02661   0.00000   0.02259   0.01228   0.01707   0.00685   0.00915   0.00304   0.01341   0.00571   0.02803   0.00902   0.01823   0.11422   0.06705   0.97461  
 17 117.2542   2481.732032  x:  0.03917   0.00000   0.00000   0.01050   0.00399   0.00103   0.00502   0.00469   0.00889   0.03487   0.01001   0.03669   0.00338   0.01921   0.19125   0.05396   0.02790   0.00000   0.02216   0.01203   0.01631   0.00767   0.00940   0.00319   0.01315   0.00698   0.02928   0.00894   0.01918   0.10620   0.06329   0.97234  
 18 194.8191   2481.439572  x:  0.03946   0.00000   0.00000   0.01146   0.00396   0.00097   0.00590   0.00448   0.00934   0.03465   0.01052   0.03760   0.00359   0.01844   0.19108   0.05290   0.02935   0.00000   0.02242   0.01315   0.01646   0.00683   0.00779   0.00303   0.01304   0.00697   0.02914   0.00778   0.01827   0.09752   0.05989   0.96952  
 19 186.7342   2481.368050  x:  0.03961   0.00000   0.00000   0.01136   0.00394   0.00098   0.00541   0.00453   0.00924   0.03473   0.01008   0.03812   0.00383   0.01755   0.19082   0.05280   0.02946   0.00000   0.02270   0.01280   0.01681   0.00696   0.00814   0.00304   0.01315   0.00589   0.02824   0.00813   0.01766   0.09502   0.05972   0.96815  
 20 76.8593   2481.329890  x:  0.03968   0.00000   0.00000   0.01103   0.00409   0.00098   0.00579   0.00452   0.00905   0.03482   0.00990   0.03849   0.00396   0.01702   0.19044   0.05288   0.02928   0.00000   0.02281   0.01235   0.01684   0.00706   0.00852   0.00303   0.01311   0.00657   0.02740   0.00859   0.01737   0.09350   0.06021   0.96673  
 21 60.4094   2481.273210  x:  0.03963   0.00000   0.00000   0.01038   0.00398   0.00097   0.00559   0.00447   0.00912   0.03485   0.01073   0.03875   0.00400   0.01767   0.18909   0.05340   0.02844   0.00000   0.02246   0.01265   0.01659   0.00685   0.00824   0.00300   0.01304   0.00643   0.02673   0.00864   0.01779   0.09142   0.06234   0.96243  
 22 37.9292   2481.203751  x:  0.03945   0.00000   0.00000   0.01126   0.00396   0.00097   0.00563   0.00451   0.00930   0.03479   0.00969   0.03855   0.00341   0.01805   0.18715   0.05412   0.02757   0.00000   0.02222   0.01279   0.01657   0.00701   0.00822   0.00304   0.01302   0.00644   0.02711   0.00793   0.01806   0.08955   0.06466   0.95586  
 23 81.9827   2481.080856  x:  0.03925   0.00000   0.00000   0.01200   0.00388   0.00101   0.00575   0.00452   0.00876   0.03452   0.01047   0.03739   0.00495   0.01760   0.18344   0.05504   0.02739   0.00000   0.02264   0.01188   0.01679   0.00712   0.00843   0.00313   0.01318   0.00639   0.02917   0.00777   0.01739   0.08837   0.06603   0.94104  
 24 83.3457   2480.728065  x:  0.03912   0.00000   0.00000   0.01004   0.00389   0.00095   0.00553   0.00448   0.00942   0.03430   0.01064   0.03527   0.00345   0.01503   0.17417   0.05634   0.02814   0.00000   0.02333   0.01297   0.01625   0.00668   0.00820   0.00296   0.01295   0.00642   0.03140   0.00886   0.01643   0.08788   0.06595   0.89860  
 25 247.0311   2479.677651  x:  0.03818   0.00000   0.00000   0.00943   0.00391   0.00095   0.00555   0.00446   0.00921   0.03395   0.00827   0.03408   0.00537   0.01761   0.15041   0.05626   0.02896   0.00000   0.02303   0.01348   0.01601   0.00702   0.00706   0.00308   0.01231   0.00630   0.02714   0.00878   0.01654   0.08967   0.06040   0.76932  
 26 591.6844   2479.270844  x:  0.03788   0.00000   0.00000   0.01096   0.00392   0.00096   0.00560   0.00458   0.00934   0.03366   0.01047   0.03510   0.00323   0.01740   0.14351   0.05526   0.02848   0.00000   0.02199   0.01210   0.01654   0.00705   0.00841   0.00309   0.01283   0.00614   0.02567   0.00777   0.01696   0.09054   0.05852   0.71717  
 27 993.9940   2478.530670  x:  0.03867   0.00000   0.00000   0.00914   0.00401   0.00094   0.00553   0.00464   0.00973   0.03292   0.00959   0.04021   0.00422   0.01538   0.14421   0.05120   0.02621   0.00000   0.01935   0.01096   0.01700   0.00704   0.00657   0.00311   0.01275   0.00608   0.02874   0.00691   0.01777   0.09174   0.05916   0.62217  
 28 409.1067   2478.017997  x:  0.03945   0.00000   0.00000   0.00955   0.00425   0.00103   0.00598   0.00486   0.00894   0.03288   0.00990   0.04099   0.00442   0.01643   0.14841   0.05014   0.02707   0.00000   0.02119   0.01405   0.01720   0.00770   0.00850   0.00333   0.01249   0.00603   0.02963   0.00782   0.01724   0.09205   0.06079   0.55295  
 29 779.3304   2477.731271  x:  0.03989   0.00000   0.00000   0.00914   0.00429   0.00101   0.00589   0.00495   0.00968   0.03349   0.00998   0.03920   0.00349   0.01756   0.15212   0.05175   0.02953   0.00000   0.02246   0.01221   0.01762   0.00765   0.00702   0.00333   0.01324   0.00603   0.02889   0.00753   0.01689   0.09203   0.06198   0.51520  
 30 515.3394   2477.691579  x:  0.03993   0.00000   0.00000   0.00911   0.00430   0.00102   0.00593   0.00495   0.00951   0.03368   0.01002   0.03851   0.00382   0.01696   0.15292   0.05303   0.03008   0.00000   0.02126   0.01235   0.01777   0.00775   0.00725   0.00337   0.01257   0.00597   0.02849   0.00702   0.01735   0.09199   0.06193   0.50990  
 31 79.2308   2477.686361  x:  0.03995   0.00000   0.00000   0.00922   0.00429   0.00102   0.00594   0.00496   0.00950   0.03367   0.01000   0.03848   0.00390   0.01686   0.15307   0.05352   0.02993   0.00000   0.02101   0.01247   0.01770   0.00777   0.00721   0.00338   0.01300   0.00599   0.02846   0.00720   0.01747   0.09197   0.06176   0.50922  
 32 18.8326   2477.681078  x:  0.03997   0.00000   0.00000   0.00916   0.00431   0.00102   0.00594   0.00496   0.00951   0.03360   0.01001   0.03870   0.00383   0.01697   0.15330   0.05457   0.02920   0.00000   0.02117   0.01244   0.01771   0.00777   0.00722   0.00338   0.01288   0.00599   0.02856   0.00722   0.01737   0.09194   0.06126   0.50861  
 33  9.9821   2477.678667  x:  0.03992   0.00000   0.00000   0.00916   0.00430   0.00102   0.00594   0.00496   0.00950   0.03377   0.01002   0.03872   0.00390   0.01680   0.15333   0.05462   0.02912   0.00000   0.02148   0.01245   0.01769   0.00777   0.00721   0.00338   0.01291   0.00599   0.02854   0.00711   0.01776   0.09194   0.06122   0.50871  
 34  0.8702   2477.503738  x:  0.03875   0.00000   0.00000   0.00906   0.00431   0.00111   0.00618   0.00522   0.00946   0.03945   0.01030   0.03917   0.00366   0.01739   0.15553   0.05482   0.02901   0.00000   0.02095   0.01272   0.01800   0.00811   0.00700   0.00364   0.01309   0.00587   0.02929   0.00738   0.01704   0.09190   0.06106   0.51950  
 35  2.2020   2476.327280  x:  0.04213   0.00000   0.00000   0.00766   0.00543   0.00157   0.00740   0.00681   0.00928   0.03416   0.01139   0.03986   0.00264   0.01820   0.17041   0.05700   0.03204   0.00000   0.02187   0.01357   0.02019   0.01010   0.00531   0.00503   0.01369   0.00501   0.02871   0.00724   0.01900   0.09241   0.06235   0.59188  
 36 85.0407   2476.319665  x:  0.04218   0.00000   0.00000   0.00737   0.00543   0.00157   0.00740   0.00680   0.00921   0.03413   0.01135   0.03985   0.00267   0.01824   0.17050   0.05701   0.03206   0.00000   0.02189   0.01363   0.02015   0.01008   0.00551   0.00502   0.01398   0.00504   0.02870   0.00681   0.01887   0.09242   0.06234   0.59233  
 37 27.8714   2476.319203  x:  0.04250   0.00000   0.00000   0.00739   0.00542   0.00157   0.00740   0.00680   0.00921   0.03421   0.01136   0.03975   0.00267   0.01824   0.17050   0.05697   0.03197   0.00000   0.02189   0.01363   0.02014   0.01008   0.00551   0.00502   0.01398   0.00504   0.02869   0.00678   0.01886   0.09242   0.06233   0.59235  
 38  1.9307   2475.589874  x:  0.04168   0.00000   0.00000   0.00990   0.00571   0.00194   0.00713   0.00719   0.00522   0.03490   0.01083   0.04110   0.00274   0.01852   0.18743   0.05463   0.03113   0.00000   0.02236   0.01342   0.02092   0.00858   0.00684   0.00568   0.01420   0.00596   0.02806   0.00643   0.01822   0.09586   0.06272   0.58181  
 39  0.0264   2475.378775  x:  0.04155   0.00000   0.00000   0.00870   0.00620   0.00215   0.00722   0.00722   0.00350   0.03505   0.01079   0.04096   0.00203   0.01869   0.18633   0.05384   0.03061   0.00000   0.02198   0.01345   0.02095   0.00840   0.00565   0.00595   0.01399   0.00566   0.02850   0.00690   0.01827   0.09536   0.06235   0.55898  
 40  0.0215   2475.341664  x:  0.04171   0.00000   0.00000   0.00847   0.00644   0.00215   0.00733   0.00697   0.00384   0.03490   0.01080   0.04075   0.00162   0.01882   0.18257   0.05494   0.03102   0.00000   0.02200   0.01342   0.02085   0.00859   0.00522   0.00582   0.01401   0.00551   0.02870   0.00682   0.01833   0.09480   0.06252   0.56153  
 41  0.0056   2475.328940  x:  0.04179   0.00000   0.00000   0.00850   0.00665   0.00217   0.00742   0.00669   0.00354   0.03473   0.01078   0.04059   0.00190   0.01879   0.18070   0.05543   0.03124   0.00000   0.02206   0.01339   0.02075   0.00867   0.00537   0.00570   0.01399   0.00543   0.02863   0.00687   0.01837   0.09448   0.06252   0.56561  
 42  0.0051   2475.321752  x:  0.04147   0.00000   0.00000   0.00856   0.00680   0.00223   0.00746   0.00639   0.00352   0.03454   0.01075   0.04035   0.00178   0.01865   0.18007   0.05473   0.03088   0.00000   0.02199   0.01331   0.02053   0.00858   0.00542   0.00562   0.01394   0.00549   0.02835   0.00683   0.01828   0.09429   0.06206   0.56539  
 43  0.0009   2475.317370  x:  0.04158   0.00000   0.00000   0.00853   0.00688   0.00234   0.00743   0.00626   0.00356   0.03484   0.01075   0.04069   0.00191   0.01863   0.18100   0.05465   0.03092   0.00000   0.02202   0.01338   0.02057   0.00848   0.00532   0.00560   0.01395   0.00554   0.02852   0.00686   0.01828   0.09460   0.06230   0.56566  
 44  0.0006   2475.314348  x:  0.04168   0.00000   0.00000   0.00854   0.00690   0.00246   0.00742   0.00629   0.00356   0.03480   0.01077   0.04072   0.00176   0.01870   0.18160   0.05488   0.03101   0.00000   0.02203   0.01338   0.02067   0.00853   0.00546   0.00563   0.01395   0.00547   0.02863   0.00692   0.01834   0.09464   0.06244   0.56541  
 45  0.0005   2475.312990  x:  0.04162   0.00000   0.00000   0.00853   0.00686   0.00253   0.00742   0.00634   0.00358   0.03466   0.01078   0.04054   0.00183   0.01871   0.18139   0.05493   0.03099   0.00000   0.02202   0.01337   0.02066   0.00859   0.00539   0.00564   0.01397   0.00547   0.02851   0.00683   0.01831   0.09451   0.06231   0.56456  
 46  0.0009   2475.312655  x:  0.04162   0.00000   0.00000   0.00854   0.00681   0.00256   0.00741   0.00635   0.00358   0.03472   0.01076   0.04055   0.00183   0.01871   0.18102   0.05493   0.03102   0.00000   0.02203   0.01336   0.02064   0.00857   0.00541   0.00562   0.01396   0.00551   0.02850   0.00686   0.01832   0.09453   0.06230   0.56511  
 47  0.0005   2475.312596  x:  0.04161   0.00000   0.00000   0.00854   0.00679   0.00256   0.00741   0.00636   0.00358   0.03473   0.01076   0.04057   0.00183   0.01870   0.18099   0.05488   0.03099   0.00000   0.02202   0.01336   0.02064   0.00856   0.00540   0.00560   0.01396   0.00549   0.02851   0.00685   0.01831   0.09454   0.06231   0.56515  
 48  0.0001   2475.312586  x:  0.04161   0.00000   0.00000   0.00854   0.00678   0.00256   0.00741   0.00636   0.00358   0.03471   0.01076   0.04057   0.00183   0.01870   0.18104   0.05488   0.03099   0.00000   0.02202   0.01336   0.02064   0.00857   0.00540   0.00559   0.01396   0.00549   0.02851   0.00686   0.01831   0.09452   0.06230   0.56518  
 49  0.0000   2475.312585  x:  0.04161   0.00000   0.00000   0.00854   0.00678   0.00256   0.00741   0.00636   0.00358   0.03471   0.01076   0.04057   0.00183   0.01870   0.18104   0.05489   0.03099   0.00000   0.02202   0.01336   0.02064   0.00857   0.00540   0.00559   0.01396   0.00549   0.02851   0.00686   0.01831   0.09453   0.06231   0.56515  
 50  0.0000   2475.312585  x:  0.04161   0.00000   0.00000   0.00854   0.00678   0.00256   0.00741   0.00636   0.00358   0.03471   0.01076   0.04057   0.00183   0.01870   0.18104   0.05489   0.03099   0.00000   0.02202   0.01336   0.02064   0.00857   0.00540   0.00559   0.01396   0.00549   0.02851   0.00686   0.01831   0.09453   0.06231   0.56514  
 51  0.0000   2475.312585  x:  0.04161   0.00000   0.00000   0.00854   0.00678   0.00256   0.00741   0.00636   0.00358   0.03471   0.01076   0.04057   0.00183   0.01870   0.18104   0.05489   0.03099   0.00000   0.02202   0.01336   0.02064   0.00857   0.00540   0.00559   0.01396   0.00549   0.02851   0.00686   0.01831   0.09453   0.06231   0.56513  