

TREE # 1

  0  0.0000   4177.914147  x:  0.01593   0.08376   0.09785   0.03671   0.01385   0.03873   0.01030   0.01296   0.03938   0.02148   0.05024   0.03758   0.05386   0.01822   0.04488   0.01546   0.09284   0.06591   0.02978   0.07577   0.03226   0.06769   0.04034   0.02000   0.04398   0.10119   0.01692   0.02761   0.05786   0.04311   0.02820   1.00000  
  1 99.0000   3805.323765  x:  0.25174   0.06723   0.06845   0.04095   0.25296   0.04521   0.01130   0.05320   0.03478   0.23797   0.06931   0.15535   0.06652   0.41825   0.11456   0.06509   0.05960   0.05695   0.10395   0.17010   0.13696   0.06740   0.06991   0.03381   0.07308   0.08193   0.42061   0.12058   0.06587   0.04966   0.22864   0.98540  
  2 4106.4751   3780.509968  x:  0.23740   0.03920   0.03467   0.03600   0.23195   0.07869   0.04392   0.01629   0.06555   0.22447   0.08542   0.19042   0.05279   0.42135   0.12242   0.06056   0.03113   0.07506   0.13444   0.24559   0.16530   0.08735   0.11016   0.04874   0.11305   0.09890   0.41754   0.11740   0.10365   0.08739   0.23445   0.98568  
  3 347.5674   3770.146130  x:  0.22089   0.01636   0.00436   0.04064   0.20856   0.08232   0.01964   0.06045   0.06394   0.21058   0.10021   0.22130   0.04055   0.42088   0.13412   0.07013   0.03526   0.08982   0.15718   0.30788   0.18721   0.09811   0.12859   0.04424   0.13162   0.10805   0.41062   0.11568   0.11733   0.09703   0.24093   0.98790  
  4 317.9886   3766.994355  x:  0.21459   0.01688   0.01179   0.04901   0.19839   0.07547   0.00717   0.05181   0.05705   0.20512   0.10733   0.23456   0.03552   0.42189   0.14150   0.07443   0.04098   0.09594   0.16504   0.33343   0.19498   0.09906   0.13033   0.03641   0.13302   0.10924   0.40880   0.11679   0.11624   0.09300   0.24630   0.98998  
  5 192.9011   3764.113526  x:  0.20541   0.01994   0.01792   0.06086   0.18356   0.06194   0.01805   0.04801   0.04405   0.19735   0.11630   0.25291   0.02829   0.42347   0.15267   0.08105   0.05105   0.10330   0.17469   0.36826   0.20467   0.09816   0.12909   0.02279   0.13107   0.10958   0.40609   0.11899   0.11045   0.08256   0.25473   0.99352  
  6 415.5971   3762.814782  x:  0.19887   0.02958   0.00518   0.06227   0.17500   0.05946   0.01644   0.04346   0.05110   0.19277   0.11535   0.26259   0.02314   0.42595   0.16009   0.07710   0.04560   0.10167   0.17553   0.38783   0.20531   0.09054   0.12193   0.02146   0.12103   0.10831   0.40413   0.12274   0.09894   0.06979   0.26315   0.99826  
  7 84.6263   3762.426576  x:  0.19345   0.02956   0.01247   0.06109   0.17181   0.06219   0.01710   0.04680   0.05216   0.19021   0.11285   0.26665   0.02090   0.42894   0.16414   0.07327   0.04097   0.09954   0.17293   0.39912   0.20207   0.08476   0.11732   0.02990   0.11444   0.10710   0.40237   0.12452   0.09520   0.06999   0.26941   1.00287  
  8 48.2580   3762.223432  x:  0.18884   0.02695   0.01042   0.05753   0.17100   0.06243   0.01682   0.04452   0.04819   0.18953   0.10891   0.26780   0.02067   0.43239   0.16669   0.07387   0.04410   0.09735   0.16843   0.40621   0.19686   0.08070   0.11263   0.03316   0.11045   0.10539   0.40052   0.12494   0.09585   0.07508   0.27470   1.00830  
  9 34.8996   3762.128039  x:  0.18518   0.02692   0.01173   0.05644   0.17227   0.06207   0.01689   0.04512   0.05101   0.19050   0.10633   0.26638   0.02165   0.43647   0.16719   0.07468   0.04353   0.09843   0.16296   0.41142   0.19028   0.08255   0.11093   0.02879   0.11256   0.10452   0.39800   0.12275   0.09700   0.07559   0.27904   1.01646  
 10 15.5730   3762.075410  x:  0.18335   0.02852   0.01108   0.05702   0.17333   0.06079   0.01680   0.04506   0.04921   0.19154   0.10519   0.26461   0.02180   0.43941   0.16649   0.07451   0.04285   0.09944   0.15991   0.41434   0.18624   0.08505   0.11306   0.03062   0.11474   0.10541   0.39585   0.12115   0.09653   0.07403   0.28134   1.02420  
 11 18.5732   3762.028310  x:  0.18370   0.02996   0.01090   0.05904   0.17397   0.06415   0.01696   0.04520   0.04977   0.19264   0.10717   0.26197   0.02174   0.44269   0.16460   0.07465   0.04569   0.09894   0.16002   0.41606   0.18555   0.08569   0.11546   0.03059   0.11293   0.10608   0.39268   0.12087   0.09567   0.07428   0.28197   1.03846  
 12 10.0466   3761.956422  x:  0.18546   0.03018   0.01052   0.05974   0.17442   0.06265   0.01684   0.04549   0.04866   0.19350   0.11083   0.25862   0.02282   0.44711   0.16199   0.07342   0.04295   0.09738   0.16251   0.41717   0.18705   0.08501   0.11615   0.02902   0.11103   0.10650   0.38757   0.12190   0.09640   0.07649   0.28161   1.06447  
 13 23.0779   3761.898484  x:  0.18716   0.02888   0.01117   0.05758   0.17440   0.06081   0.01698   0.04521   0.05088   0.19295   0.11136   0.25800   0.02285   0.44954   0.16132   0.07569   0.04407   0.09686   0.16540   0.41654   0.18935   0.08415   0.11430   0.03126   0.11374   0.10630   0.38479   0.12321   0.09675   0.07480   0.28034   1.08815  
 14 23.7895   3761.864197  x:  0.18796   0.02950   0.01123   0.05702   0.17403   0.06363   0.01693   0.04525   0.04903   0.19241   0.10912   0.26056   0.02222   0.44897   0.16308   0.07528   0.04353   0.09869   0.16634   0.41455   0.19051   0.08428   0.11275   0.03075   0.11557   0.10587   0.38566   0.12366   0.09763   0.07389   0.27891   1.10376  
 15 14.7188   3761.832585  x:  0.18779   0.02950   0.01110   0.05898   0.17385   0.06232   0.01702   0.04542   0.05050   0.19229   0.10701   0.26533   0.02227   0.44616   0.16647   0.07458   0.04414   0.10033   0.16552   0.41164   0.19056   0.08461   0.11432   0.03112   0.11471   0.10655   0.38915   0.12325   0.09824   0.07555   0.27747   1.11907  
 16 12.9201   3761.824041  x:  0.18699   0.02828   0.01120   0.05825   0.17391   0.06267   0.01701   0.04516   0.05026   0.19268   0.10783   0.26656   0.02204   0.44397   0.16663   0.07562   0.04345   0.09947   0.16477   0.41106   0.19034   0.08476   0.11543   0.03065   0.11438   0.10691   0.39130   0.12302   0.09736   0.07517   0.27778   1.12323  
 17  5.3558   3761.818426  x:  0.18640   0.02921   0.01128   0.05772   0.17403   0.06253   0.01700   0.04533   0.05030   0.19303   0.10889   0.26657   0.02143   0.44136   0.16569   0.07526   0.04380   0.09868   0.16446   0.41147   0.19037   0.08500   0.11520   0.03072   0.11491   0.10665   0.39367   0.12317   0.09779   0.07552   0.27876   1.12573  
 18  3.4721   3761.814476  x:  0.18611   0.02876   0.01108   0.05833   0.17426   0.06270   0.01702   0.04524   0.05032   0.19320   0.10920   0.26571   0.02287   0.43929   0.16515   0.07495   0.04391   0.09911   0.16465   0.41222   0.19059   0.08520   0.11446   0.03108   0.11499   0.10652   0.39532   0.12322   0.09783   0.07529   0.27970   1.12712  
 19  2.7323   3761.810404  x:  0.18670   0.02888   0.01118   0.05822   0.17435   0.06259   0.01702   0.04525   0.05038   0.19302   0.10790   0.26423   0.02287   0.43765   0.16466   0.07575   0.04362   0.09998   0.16509   0.41327   0.19094   0.08483   0.11479   0.03098   0.11451   0.10695   0.39644   0.12320   0.09774   0.07554   0.28042   1.12790  
 20  1.7570   3761.799661  x:  0.18848   0.02783   0.01139   0.05759   0.17401   0.06239   0.01699   0.04508   0.05037   0.19297   0.10692   0.26272   0.02269   0.43644   0.16571   0.07379   0.04433   0.09935   0.16529   0.41500   0.19094   0.08400   0.11619   0.03032   0.11522   0.10650   0.39703   0.12243   0.09730   0.07514   0.28052   1.12832  
 21  1.0257   3761.724370  x:  0.19600   0.02886   0.01109   0.05948   0.17141   0.06355   0.01696   0.04421   0.05046   0.19335   0.10867   0.26049   0.02289   0.43348   0.17183   0.07673   0.04260   0.09535   0.16478   0.42260   0.18870   0.08540   0.11584   0.03156   0.11651   0.10482   0.39710   0.11862   0.09935   0.07576   0.27782   1.12849  
 22  2.3453   3761.511504  x:  0.20187   0.02562   0.01102   0.05637   0.17152   0.06412   0.01691   0.04063   0.05189   0.19486   0.11341   0.26344   0.01791   0.43206   0.17236   0.07380   0.04284   0.10011   0.16492   0.43662   0.18624   0.09332   0.11213   0.03235   0.11427   0.11247   0.39481   0.11907   0.10087   0.07668   0.27380   1.12743  
 23  5.6479   3761.063936  x:  0.19368   0.02949   0.01113   0.05603   0.17509   0.06711   0.01674   0.03505   0.05434   0.19406   0.11605   0.27644   0.02329   0.43357   0.16409   0.07501   0.04123   0.10732   0.16732   0.45872   0.18903   0.08621   0.12364   0.03154   0.12237   0.10893   0.38707   0.12787   0.10378   0.08097   0.27199   1.12413  
 24 11.7888   3760.986789  x:  0.18693   0.02885   0.01127   0.05982   0.17543   0.06764   0.01672   0.03386   0.05477   0.19313   0.11190   0.27639   0.02157   0.43568   0.16384   0.07473   0.04065   0.10167   0.17113   0.45960   0.19382   0.08840   0.12392   0.03079   0.12371   0.11109   0.38637   0.12543   0.10550   0.08116   0.27562   1.12356  
 25  9.4516   3760.973321  x:  0.18525   0.03018   0.01155   0.05785   0.17420   0.06774   0.01670   0.03381   0.05486   0.19234   0.11208   0.27577   0.02301   0.43661   0.16546   0.07461   0.04090   0.10156   0.17255   0.45884   0.19532   0.09007   0.12460   0.03082   0.12331   0.11133   0.38646   0.12406   0.10517   0.08183   0.27759   1.12343  
 26  5.4873   3760.970520  x:  0.18490   0.02987   0.01135   0.05812   0.17329   0.06776   0.01670   0.03373   0.05498   0.19252   0.11294   0.27504   0.02204   0.43686   0.16627   0.07469   0.04071   0.10265   0.17272   0.45780   0.19549   0.08967   0.12460   0.03100   0.12361   0.11086   0.38636   0.12362   0.10500   0.08215   0.27916   1.12341  
 27  1.9134   3760.970198  x:  0.18499   0.02993   0.01135   0.05812   0.17328   0.06781   0.01670   0.03375   0.05497   0.19246   0.11313   0.27507   0.02208   0.43680   0.16645   0.07469   0.04074   0.10269   0.17268   0.45764   0.19546   0.08933   0.12463   0.03098   0.12369   0.11131   0.38622   0.12358   0.10530   0.08201   0.27957   1.12340  
 28  0.6599   3760.969568  x:  0.18556   0.02990   0.01134   0.05811   0.17385   0.06783   0.01671   0.03378   0.05498   0.19231   0.11312   0.27565   0.02205   0.43631   0.16645   0.07472   0.04074   0.10266   0.17285   0.45753   0.19551   0.08954   0.12471   0.03102   0.12359   0.11109   0.38546   0.12342   0.10537   0.08199   0.28057   1.12337  
 29  0.2796   3760.967722  x:  0.18588   0.03011   0.01138   0.05821   0.17365   0.06789   0.01674   0.03393   0.05500   0.19311   0.11292   0.27631   0.02228   0.43595   0.16622   0.07474   0.04076   0.10258   0.17313   0.45779   0.19562   0.08936   0.12441   0.03100   0.12421   0.11159   0.38492   0.12298   0.10445   0.08269   0.28104   1.12333  
 30  0.2611   3760.952996  x:  0.18527   0.03010   0.01169   0.05788   0.17132   0.06789   0.01691   0.03492   0.05535   0.19656   0.11211   0.27804   0.02251   0.43543   0.16527   0.07473   0.04085   0.10298   0.17430   0.46035   0.19608   0.08923   0.12506   0.03132   0.12345   0.11102   0.38415   0.12207   0.10633   0.08179   0.28158   1.12316  
 31  0.6647   3760.916966  x:  0.18280   0.03025   0.01152   0.05916   0.17261   0.06844   0.01730   0.03735   0.05584   0.19139   0.11338   0.27819   0.02139   0.43561   0.16717   0.07483   0.04080   0.10340   0.17487   0.46672   0.19662   0.08981   0.12602   0.03121   0.12488   0.11130   0.38499   0.12458   0.10605   0.08292   0.28133   1.12289  
 32  1.9132   3760.916593  x:  0.18272   0.03029   0.01150   0.05910   0.17295   0.06843   0.01730   0.03736   0.05583   0.19122   0.11353   0.27824   0.02131   0.43568   0.16706   0.07481   0.04079   0.10360   0.17462   0.46689   0.19700   0.08955   0.12592   0.03127   0.12481   0.11125   0.38505   0.12382   0.10607   0.08289   0.28115   1.12290  
 33  0.6712   3760.916526  x:  0.18282   0.03027   0.01150   0.05912   0.17282   0.06843   0.01730   0.03736   0.05584   0.19118   0.11351   0.27824   0.02134   0.43570   0.16700   0.07481   0.04079   0.10359   0.17417   0.46693   0.19738   0.08961   0.12591   0.03128   0.12481   0.11125   0.38501   0.12386   0.10607   0.08290   0.28120   1.12290  
 34  0.1672   3760.916428  x:  0.18269   0.03031   0.01150   0.05907   0.17304   0.06843   0.01731   0.03736   0.05584   0.19146   0.11353   0.27815   0.02130   0.43556   0.16729   0.07483   0.04079   0.10363   0.17406   0.46708   0.19762   0.08963   0.12591   0.03130   0.12482   0.11127   0.38486   0.12400   0.10607   0.08290   0.28113   1.12288  
 35  0.0463   3760.911219  x:  0.18350   0.02997   0.01123   0.05915   0.17225   0.06834   0.01754   0.03692   0.05564   0.19141   0.11403   0.27964   0.02118   0.43460   0.16795   0.07516   0.04125   0.10404   0.17474   0.47232   0.19731   0.08971   0.12586   0.03122   0.12484   0.11160   0.38467   0.12382   0.10615   0.08280   0.28127   1.12185  
 36  0.0498   3760.910726  x:  0.18338   0.02996   0.01102   0.05905   0.17245   0.06828   0.01767   0.03686   0.05548   0.19139   0.11408   0.27934   0.02121   0.43515   0.16783   0.07512   0.04098   0.10394   0.17473   0.47253   0.19734   0.08980   0.12582   0.03109   0.12485   0.11164   0.38480   0.12391   0.10611   0.08276   0.28149   1.12168  
 37  0.0004   3760.909839  x:  0.18387   0.03005   0.01111   0.05921   0.17277   0.06835   0.01796   0.03689   0.05551   0.19176   0.11415   0.27958   0.02119   0.43614   0.16798   0.07519   0.04135   0.10407   0.17494   0.47224   0.19767   0.08986   0.12606   0.03108   0.12506   0.11168   0.38588   0.12399   0.10626   0.08285   0.28187   1.12225  
 38  0.0004   3760.908464  x:  0.18461   0.02991   0.01124   0.05914   0.17313   0.06861   0.01792   0.03695   0.05590   0.19236   0.11425   0.28093   0.02117   0.43779   0.16871   0.07537   0.04104   0.10431   0.17526   0.47382   0.19808   0.08993   0.12625   0.03140   0.12519   0.11192   0.38754   0.12427   0.10647   0.08307   0.28260   1.12147  
 39  0.0009   3760.907875  x:  0.18469   0.02988   0.01118   0.05926   0.17348   0.06857   0.01774   0.03700   0.05576   0.19247   0.11445   0.28076   0.02113   0.43884   0.16869   0.07541   0.04129   0.10433   0.17542   0.47445   0.19834   0.09009   0.12632   0.03128   0.12531   0.11199   0.38826   0.12440   0.10651   0.08308   0.28309   1.12148  
 40  0.0009   3760.907867  x:  0.18477   0.02989   0.01117   0.05926   0.17346   0.06856   0.01773   0.03702   0.05574   0.19251   0.11445   0.28079   0.02114   0.43881   0.16871   0.07542   0.04127   0.10435   0.17545   0.47445   0.19836   0.09008   0.12635   0.03126   0.12534   0.11199   0.38828   0.12439   0.10653   0.08307   0.28309   1.12167  
 41  0.0002   3760.907867  x:  0.18477   0.02989   0.01117   0.05926   0.17346   0.06856   0.01773   0.03703   0.05574   0.19251   0.11445   0.28079   0.02114   0.43882   0.16871   0.07542   0.04127   0.10435   0.17545   0.47444   0.19836   0.09008   0.12635   0.03126   0.12534   0.11199   0.38827   0.12439   0.10653   0.08307   0.28309   1.12166  
 42  0.0000   3760.907867  x:  0.18477   0.02989   0.01117   0.05926   0.17346   0.06856   0.01773   0.03703   0.05574   0.19251   0.11445   0.28079   0.02114   0.43882   0.16871   0.07542   0.04127   0.10435   0.17545   0.47444   0.19836   0.09008   0.12635   0.03126   0.12534   0.11199   0.38827   0.12439   0.10653   0.08307   0.28309   1.12166  