

TREE # 1

  0  0.0000   3567.910205  x:  0.01009   0.05407   0.04405   0.09200   0.02509   0.06286   0.09292   0.06617   0.08703   0.06240   0.06495   0.05873   0.09536   0.08035   0.01040   0.02610   0.06131   0.01389   0.01788   0.05628   0.05422   0.06117   0.08908   0.07345   0.06840   0.05187   0.10827   0.05659   0.02774   0.10034   0.01144   1.00000  
  1 99.0000   3449.064427  x:  0.07606   0.04214   0.03036   0.07815   0.01357   0.04881   0.07937   0.05205   0.07407   0.07535   0.05235   0.05484   0.08272   0.07070   0.02310   0.02031   0.04912   0.00000   0.00615   0.04552   0.04189   0.04782   0.07607   0.06009   0.05492   0.03770   0.09710   0.05607   0.01638   0.08804   0.05464   0.99116  
  2 2192.1744   3374.537336  x:  0.07775   0.03030   0.01833   0.06612   0.00432   0.03658   0.06761   0.03975   0.06289   0.08210   0.04149   0.05165   0.07145   0.06212   0.02325   0.01640   0.03877   0.00000   0.00000   0.03669   0.03154   0.03620   0.06484   0.04852   0.04328   0.02536   0.08659   0.05455   0.00733   0.07747   0.05479   0.98476  
  3 2327.3830   3374.537336  x:  0.07775   0.03030   0.01833   0.06612   0.00432   0.03658   0.06761   0.03975   0.06289   0.08210   0.04149   0.05165   0.07145   0.06212   0.02325   0.01640   0.03877   0.00000   0.00000   0.03669   0.03154   0.03620   0.06484   0.04852   0.04328   0.02536   0.08659   0.05455   0.00733   0.07747   0.05479   0.98476  
  4 325676.2259   3324.831002  x:  0.07571   0.02131   0.00933   0.05697   0.00000   0.02734   0.05873   0.03042   0.05449   0.08484   0.03352   0.04904   0.06289   0.05564   0.02221   0.01422   0.03115   0.00000   0.03559   0.03085   0.02461   0.02766   0.05639   0.03986   0.03454   0.01601   0.07867   0.05286   0.00222   0.06953   0.05253   0.98131  
  5 1998.9989   3266.571304  x:  0.07364   0.01213   0.00000   0.04803   0.00850   0.01814   0.04975   0.02097   0.04611   0.08701   0.02521   0.04637   0.05421   0.04914   0.02113   0.01241   0.02362   0.00000   0.04145   0.02475   0.01734   0.01864   0.04787   0.03109   0.02575   0.00653   0.07048   0.05106   0.00104   0.06158   0.05014   0.97832  
  6 4050.6885   3226.632991  x:  0.07217   0.00581   0.00000   0.04188   0.01163   0.01177   0.04358   0.01447   0.04035   0.08830   0.01948   0.04451   0.04824   0.04468   0.02038   0.01126   0.01850   0.00000   0.04442   0.02062   0.01243   0.01241   0.04202   0.02507   0.01974   0.00000   0.06484   0.04978   0.00127   0.05613   0.04846   0.97640  
  7 113432.5702   3193.137034  x:  0.07160   0.00000   0.00000   0.03591   0.01712   0.00590   0.03771   0.00845   0.03470   0.09205   0.01403   0.04300   0.04264   0.04029   0.01986   0.00857   0.01196   0.00000   0.04960   0.01483   0.00466   0.00681   0.03629   0.01902   0.01334   0.00000   0.05963   0.04952   0.01083   0.05090   0.04746   0.97288  
  8 8619.3081   3164.196479  x:  0.07621   0.00000   0.00000   0.02805   0.01977   0.00000   0.03084   0.00246   0.02714   0.11212   0.00759   0.04332   0.03665   0.03455   0.02090   0.01408   0.00110   0.00000   0.05195   0.00435   0.01768   0.00216   0.02869   0.01055   0.00342   0.00000   0.05458   0.05399   0.01590   0.04340   0.05034   0.95628  
  9 1019.7963   3155.296939  x:  0.07771   0.00000   0.00000   0.02495   0.02064   0.00000   0.02811   0.00000   0.02421   0.11913   0.00506   0.04333   0.03426   0.03229   0.02122   0.01521   0.00341   0.00000   0.05271   0.00309   0.02081   0.00020   0.02574   0.00740   0.00056   0.00000   0.05252   0.05541   0.01777   0.04047   0.05121   0.95018  
 10 3644.1701   3154.392927  x:  0.07783   0.00000   0.00000   0.02466   0.02071   0.00000   0.02784   0.00000   0.02393   0.11973   0.00482   0.04333   0.03403   0.03208   0.02125   0.01528   0.00350   0.00000   0.05277   0.00309   0.02104   0.00000   0.02546   0.00711   0.00064   0.00000   0.05232   0.05552   0.01792   0.04019   0.05128   0.94965  
 11 7732.8017   3140.184800  x:  0.08011   0.00000   0.00000   0.01880   0.02188   0.00000   0.02262   0.00000   0.01853   0.13146   0.00000   0.04319   0.02942   0.02787   0.02162   0.01579   0.00358   0.00000   0.05372   0.00708   0.02472   0.00000   0.02000   0.00202   0.00031   0.00000   0.04829   0.05759   0.02049   0.03470   0.05245   0.93880  
 12 15271.4194   3102.518891  x:  0.08369   0.00000   0.00000   0.00000   0.02193   0.00000   0.00548   0.00000   0.00277   0.15922   0.00000   0.04198   0.01395   0.01519   0.02196   0.00947   0.00353   0.00000   0.05369   0.00822   0.02472   0.00000   0.00376   0.00964   0.00019   0.00000   0.03439   0.06007   0.02042   0.01742   0.05311   0.90788  
 13 2982.0730   3092.406265  x:  0.08316   0.00000   0.00000   0.00000   0.02113   0.00000   0.00043   0.00000   0.00459   0.16468   0.00000   0.04080   0.00805   0.01217   0.02140   0.00820   0.00318   0.00000   0.05309   0.00715   0.02119   0.00000   0.00306   0.00788   0.00018   0.00000   0.02884   0.05924   0.01871   0.01189   0.05195   0.89961  
 14 1831.5052   3080.578871  x:  0.08201   0.00000   0.00000   0.00000   0.01993   0.00000   0.00120   0.00000   0.00501   0.17073   0.00000   0.03898   0.00000   0.00815   0.02055   0.00668   0.00266   0.00000   0.05216   0.00549   0.01587   0.00000   0.00186   0.00493   0.00017   0.00000   0.02117   0.05775   0.01607   0.00456   0.05008   0.88977  
 15 5409.6054   3080.578871  x:  0.08201   0.00000   0.00000   0.00000   0.01993   0.00000   0.00120   0.00000   0.00501   0.17073   0.00000   0.03898   0.00000   0.00815   0.02055   0.00668   0.00266   0.00000   0.05216   0.00549   0.01587   0.00000   0.00186   0.00493   0.00017   0.00000   0.02117   0.05775   0.01607   0.00456   0.05008   0.88977  
 16 1858.2965   3078.088382  x:  0.08179   0.00000   0.00000   0.00000   0.01954   0.00000   0.00147   0.00000   0.00489   0.17050   0.00000   0.03883   0.00006   0.00834   0.02048   0.00676   0.00316   0.00000   0.05172   0.00564   0.01551   0.00000   0.00235   0.00463   0.00501   0.00000   0.02081   0.05753   0.01573   0.00457   0.04988   0.88974  
 17 5478.1299   3075.180310  x:  0.08132   0.00000   0.00000   0.00000   0.01870   0.00000   0.00178   0.00000   0.00465   0.17001   0.00000   0.03851   0.00000   0.00871   0.02031   0.00691   0.00392   0.00000   0.05078   0.00593   0.01475   0.00000   0.00300   0.00401   0.00494   0.00000   0.02005   0.05706   0.01501   0.00459   0.04945   0.88966  
 18 1322.4958   3060.878861  x:  0.07771   0.00000   0.00000   0.00000   0.01242   0.00000   0.00025   0.00000   0.00344   0.16623   0.00000   0.03616   0.00000   0.01057   0.01913   0.00734   0.00430   0.00000   0.04356   0.00713   0.00910   0.00000   0.00191   0.00031   0.00498   0.00000   0.01443   0.05353   0.00965   0.00484   0.04624   0.88910  
 19 4531.9605   3056.977911  x:  0.07646   0.00000   0.00000   0.00000   0.01025   0.00000   0.00067   0.00000   0.00310   0.16491   0.00000   0.03535   0.00000   0.01113   0.01872   0.00745   0.00416   0.00000   0.04105   0.00746   0.00716   0.00000   0.00138   0.00005   0.00498   0.00000   0.01249   0.05231   0.00781   0.00493   0.04512   0.88891  
 20 16383.7698   3047.252302  x:  0.07316   0.00000   0.00000   0.00000   0.00454   0.00000   0.00105   0.00000   0.00213   0.16145   0.00000   0.03321   0.00000   0.01267   0.01765   0.00776   0.00412   0.00000   0.03444   0.00840   0.00204   0.00000   0.00029   0.00019   0.00499   0.00000   0.00739   0.04908   0.00295   0.00518   0.04218   0.88841  
 21 154466.2902   3045.038996  x:  0.07222   0.00000   0.00000   0.00000   0.00298   0.00000   0.00107   0.00000   0.00202   0.16045   0.00000   0.03261   0.00000   0.01297   0.01735   0.00776   0.00353   0.00000   0.03255   0.00852   0.00075   0.00000   0.00063   0.00019   0.00499   0.00000   0.00599   0.04817   0.00165   0.00527   0.04135   0.88827  
 22 19012.3323   3042.659014  x:  0.07093   0.00000   0.00000   0.00000   0.00136   0.00000   0.00109   0.00000   0.00218   0.15907   0.00000   0.03179   0.00000   0.01328   0.01696   0.00775   0.00331   0.00000   0.02995   0.00867   0.00157   0.00000   0.00071   0.00020   0.00499   0.00000   0.00434   0.04691   0.00049   0.00547   0.04020   0.88808  
 23 3244.1539   3041.400845  x:  0.07026   0.00000   0.00000   0.00069   0.00071   0.00000   0.00109   0.00000   0.00226   0.15835   0.00000   0.03137   0.00000   0.01343   0.01676   0.00774   0.00323   0.00000   0.02859   0.00873   0.00186   0.00000   0.00074   0.00020   0.00499   0.00000   0.00353   0.04626   0.00019   0.00559   0.03960   0.88799  
 24 11418.7732   3040.651262  x:  0.06981   0.00000   0.00000   0.00082   0.00027   0.00000   0.00109   0.00000   0.00230   0.15787   0.00000   0.03109   0.00000   0.01354   0.01663   0.00774   0.00319   0.00000   0.02769   0.00878   0.00195   0.00000   0.00075   0.00020   0.00499   0.00000   0.00301   0.04582   0.00040   0.00567   0.03921   0.88792  
 25 7815.8869   3037.863479  x:  0.06791   0.00000   0.00000   0.00084   0.00061   0.00000   0.00110   0.00000   0.00240   0.15582   0.00000   0.02989   0.00000   0.01400   0.01607   0.00773   0.00304   0.00000   0.02385   0.00899   0.00206   0.00000   0.00077   0.00020   0.00498   0.00000   0.00105   0.04398   0.00057   0.00597   0.03752   0.88765  
 26 5466.5329   3020.112491  x:  0.05711   0.00000   0.00000   0.00082   0.00064   0.00000   0.00106   0.00000   0.00284   0.14415   0.00000   0.02323   0.00000   0.01628   0.01302   0.00761   0.00274   0.00000   0.00206   0.00988   0.00198   0.00000   0.00073   0.00020   0.00497   0.00000   0.00138   0.03357   0.00055   0.00743   0.02804   0.88612  
 27 5795.6524   3016.742498  x:  0.05159   0.00000   0.00000   0.00087   0.00065   0.00000   0.00104   0.00000   0.00077   0.13748   0.00000   0.02117   0.00000   0.01567   0.01294   0.00694   0.00283   0.00000   0.00236   0.00874   0.00219   0.00000   0.00078   0.00020   0.00496   0.00000   0.00136   0.02903   0.00060   0.00574   0.02422   0.88536  
 28 761.6652   3012.252042  x:  0.04168   0.00000   0.00000   0.00081   0.00054   0.00000   0.00091   0.00000   0.00181   0.12534   0.00000   0.01767   0.00000   0.01462   0.01291   0.00590   0.00376   0.00000   0.00364   0.00686   0.00185   0.00000   0.00067   0.00017   0.00493   0.00000   0.00120   0.02102   0.00055   0.00280   0.01758   0.88398  
 29 7112.2282   3010.183734  x:  0.03509   0.00000   0.00000   0.00074   0.00048   0.00000   0.00087   0.00000   0.00192   0.11592   0.00000   0.01688   0.00000   0.01407   0.01310   0.00638   0.00393   0.00000   0.00513   0.00696   0.00164   0.00000   0.00062   0.00016   0.00493   0.00000   0.00122   0.01739   0.00042   0.00665   0.01530   0.88296  
 30 1375.9751   3005.257306  x:  0.02188   0.00000   0.00000   0.00082   0.00052   0.00000   0.00092   0.00000   0.00187   0.09012   0.00000   0.01961   0.00000   0.01445   0.01339   0.00905   0.00281   0.00000   0.00494   0.01091   0.00178   0.00000   0.00066   0.00017   0.00493   0.00000   0.00128   0.01739   0.00049   0.00516   0.01858   0.88013  
 31 920.6291   3002.575721  x:  0.02078   0.00000   0.00000   0.00070   0.00030   0.00000   0.00076   0.00000   0.00175   0.07138   0.00000   0.01995   0.00000   0.01311   0.01311   0.00606   0.00427   0.00000   0.00356   0.00821   0.00137   0.00000   0.00053   0.00014   0.00489   0.00000   0.00088   0.01953   0.00028   0.00552   0.01963   0.87799  
 32 812.1472   3000.664595  x:  0.02455   0.00000   0.00000   0.00077   0.00037   0.00000   0.00083   0.00000   0.00180   0.05561   0.00000   0.01819   0.00000   0.01609   0.01181   0.00673   0.00350   0.00000   0.00433   0.00882   0.00154   0.00000   0.00058   0.00015   0.00489   0.00000   0.00103   0.01994   0.00034   0.00544   0.01824   0.87572  
 33 836.8419   3000.595194  x:  0.02519   0.00000   0.00000   0.00077   0.00036   0.00000   0.00082   0.00000   0.00178   0.05496   0.00000   0.01860   0.00000   0.01563   0.01284   0.00721   0.00352   0.00000   0.00411   0.00890   0.00152   0.00000   0.00058   0.00015   0.00489   0.00000   0.00100   0.01924   0.00033   0.00536   0.01828   0.87499  
 34 82.1683   3000.542960  x:  0.02557   0.00000   0.00000   0.00077   0.00036   0.00000   0.00082   0.00000   0.00178   0.05479   0.00000   0.01907   0.00000   0.01524   0.01251   0.00659   0.00353   0.00000   0.00413   0.00959   0.00152   0.00000   0.00058   0.00015   0.00488   0.00000   0.00101   0.01847   0.00034   0.00534   0.01856   0.87260  
 35 43.3637   3000.086133  x:  0.02617   0.00000   0.00000   0.00075   0.00034   0.00000   0.00079   0.00000   0.00176   0.05455   0.00000   0.01940   0.00000   0.01271   0.01016   0.00830   0.00379   0.00000   0.00413   0.00899   0.00147   0.00000   0.00056   0.00014   0.00476   0.00000   0.00097   0.01776   0.00032   0.00524   0.01931   0.84562  
 36 122.0324   2991.853296  x:  0.02714   0.00000   0.00000   0.00085   0.00056   0.00000   0.00094   0.00000   0.00202   0.05384   0.00000   0.01733   0.00000   0.00352   0.01222   0.00737   0.00431   0.00000   0.00485   0.00833   0.00184   0.00000   0.00070   0.00018   0.00321   0.00000   0.00136   0.02057   0.00050   0.00585   0.02255   0.47652  
 37 1613.2528   2987.263428  x:  0.02748   0.00000   0.00000   0.00092   0.00073   0.00000   0.00108   0.00000   0.00219   0.05360   0.00000   0.02070   0.00000   0.00357   0.01254   0.00681   0.00454   0.00000   0.00514   0.00334   0.00219   0.00000   0.00080   0.00020   0.00231   0.00000   0.00164   0.01939   0.00064   0.00628   0.02587   0.26253  
 38 18148.8245   2987.189829  x:  0.02748   0.00000   0.00000   0.00092   0.00073   0.00000   0.00108   0.00000   0.00218   0.05359   0.00000   0.02211   0.00000   0.00338   0.01237   0.00683   0.00453   0.00000   0.00510   0.00349   0.00219   0.00000   0.00081   0.00020   0.00229   0.00000   0.00164   0.02003   0.00065   0.00625   0.02442   0.25801  
 39 156.1423   2987.154793  x:  0.02748   0.00000   0.00000   0.00092   0.00073   0.00000   0.00108   0.00000   0.00218   0.05359   0.00000   0.02231   0.00040   0.00335   0.01234   0.00684   0.00453   0.00000   0.00510   0.00351   0.00220   0.00000   0.00081   0.00020   0.00228   0.00000   0.00164   0.02012   0.00065   0.00625   0.02422   0.25737  
 40 393.3215   2986.714403  x:  0.02753   0.00000   0.00000   0.00092   0.00073   0.00000   0.00108   0.00000   0.00219   0.05366   0.00000   0.02202   0.00034   0.00349   0.01235   0.00682   0.00452   0.00000   0.00503   0.00373   0.00220   0.00000   0.00081   0.00021   0.00102   0.00000   0.00164   0.02014   0.00064   0.00624   0.02425   0.25121  
 41  0.5565   2985.525492  x:  0.02837   0.00000   0.00000   0.00095   0.00076   0.00000   0.00115   0.00000   0.00228   0.05501   0.00000   0.02075   0.00000   0.00411   0.01261   0.00663   0.00464   0.00000   0.00459   0.00470   0.00231   0.00000   0.00088   0.00023   0.00136   0.00000   0.00174   0.02057   0.00068   0.00629   0.02505   0.18778  
 42  0.8901   2982.360037  x:  0.02913   0.00000   0.00000   0.00113   0.00097   0.00000   0.00145   0.00000   0.00245   0.05673   0.00000   0.02235   0.00000   0.00726   0.01271   0.00573   0.00567   0.00000   0.00176   0.00569   0.00290   0.00000   0.00116   0.00030   0.00167   0.00000   0.00217   0.02186   0.00090   0.00618   0.02173   0.23757  
 43  0.5250   2981.832808  x:  0.03084   0.00000   0.00000   0.00116   0.00098   0.00000   0.00154   0.00000   0.00255   0.05921   0.00000   0.02292   0.00000   0.00833   0.01309   0.00556   0.00555   0.00000   0.00354   0.00611   0.00298   0.00000   0.00126   0.00034   0.00170   0.00000   0.00232   0.02334   0.00093   0.00614   0.02180   0.25290  
 44  0.0516   2980.793492  x:  0.03318   0.00000   0.00000   0.00127   0.00108   0.00000   0.00184   0.00000   0.00270   0.06211   0.00000   0.01927   0.00000   0.00883   0.01283   0.00504   0.00414   0.00000   0.00303   0.00548   0.00328   0.00000   0.00160   0.00045   0.00108   0.00000   0.00285   0.02327   0.00110   0.00519   0.01917   0.23009  
 45  0.0225   2980.223944  x:  0.03329   0.00000   0.00000   0.00140   0.00132   0.00000   0.00193   0.00000   0.00291   0.05937   0.00000   0.01902   0.00000   0.00945   0.01315   0.00652   0.00427   0.00000   0.00274   0.00600   0.00348   0.00000   0.00196   0.00055   0.00154   0.00000   0.00361   0.02230   0.00137   0.00462   0.02202   0.23543  
 46  0.0046   2979.928007  x:  0.03297   0.00000   0.00000   0.00145   0.00154   0.00000   0.00187   0.00000   0.00303   0.05885   0.00000   0.02162   0.00000   0.00971   0.01310   0.00552   0.00410   0.00000   0.00265   0.00546   0.00346   0.00000   0.00223   0.00063   0.00149   0.00000   0.00418   0.02276   0.00161   0.00499   0.02163   0.23206  
 47  0.0028   2979.687856  x:  0.03333   0.00000   0.00000   0.00144   0.00175   0.00000   0.00170   0.00000   0.00306   0.06226   0.00000   0.02014   0.00000   0.00906   0.01314   0.00555   0.00414   0.00000   0.00271   0.00591   0.00320   0.00000   0.00256   0.00073   0.00136   0.00000   0.00474   0.02344   0.00186   0.00539   0.02158   0.24561  
 48  0.0069   2979.595259  x:  0.03269   0.00000   0.00000   0.00139   0.00183   0.00000   0.00156   0.00000   0.00295   0.06011   0.00000   0.02030   0.00000   0.00851   0.01301   0.00606   0.00415   0.00000   0.00288   0.00568   0.00296   0.00000   0.00273   0.00079   0.00134   0.00000   0.00494   0.02333   0.00199   0.00515   0.02082   0.23950  
 49  0.0040   2979.553013  x:  0.03280   0.00000   0.00000   0.00132   0.00184   0.00000   0.00150   0.00000   0.00286   0.05957   0.00000   0.02024   0.00000   0.00819   0.01303   0.00558   0.00412   0.00000   0.00290   0.00572   0.00282   0.00000   0.00281   0.00083   0.00144   0.00000   0.00489   0.02304   0.00204   0.00498   0.02165   0.23699  
 50  0.0020   2979.502832  x:  0.03359   0.00000   0.00000   0.00121   0.00176   0.00000   0.00149   0.00000   0.00273   0.06133   0.00000   0.02095   0.00000   0.00823   0.01304   0.00583   0.00412   0.00000   0.00282   0.00567   0.00275   0.00000   0.00289   0.00090   0.00147   0.00000   0.00454   0.02309   0.00206   0.00482   0.02173   0.23777  
 51  0.0009   2979.451003  x:  0.03329   0.00000   0.00000   0.00112   0.00168   0.00000   0.00152   0.00000   0.00266   0.06015   0.00000   0.02039   0.00000   0.00849   0.01311   0.00568   0.00431   0.00000   0.00281   0.00579   0.00282   0.00000   0.00304   0.00099   0.00136   0.00000   0.00413   0.02326   0.00212   0.00494   0.02137   0.23855  
 52  0.0008   2979.434618  x:  0.03288   0.00000   0.00000   0.00113   0.00170   0.00000   0.00148   0.00000   0.00273   0.06005   0.00000   0.02029   0.00000   0.00857   0.01304   0.00575   0.00403   0.00000   0.00281   0.00572   0.00283   0.00000   0.00317   0.00106   0.00141   0.00000   0.00419   0.02316   0.00220   0.00502   0.02127   0.23863  
 53  0.0003   2979.426579  x:  0.03276   0.00000   0.00000   0.00115   0.00169   0.00000   0.00143   0.00000   0.00280   0.06046   0.00000   0.02044   0.00000   0.00865   0.01307   0.00576   0.00422   0.00000   0.00282   0.00569   0.00285   0.00000   0.00323   0.00110   0.00141   0.00000   0.00420   0.02304   0.00226   0.00501   0.02158   0.23800  
 54  0.0005   2979.413113  x:  0.03314   0.00000   0.00000   0.00121   0.00157   0.00000   0.00139   0.00000   0.00293   0.06048   0.00000   0.02041   0.00000   0.00869   0.01311   0.00571   0.00414   0.00000   0.00282   0.00577   0.00286   0.00000   0.00318   0.00117   0.00143   0.00000   0.00411   0.02321   0.00225   0.00483   0.02150   0.23869  
 55  0.0002   2979.402038  x:  0.03295   0.00000   0.00000   0.00129   0.00151   0.00000   0.00138   0.00000   0.00300   0.06002   0.00000   0.02034   0.00000   0.00847   0.01305   0.00575   0.00419   0.00000   0.00284   0.00573   0.00282   0.00000   0.00305   0.00119   0.00138   0.00000   0.00423   0.02315   0.00221   0.00493   0.02130   0.23841  
 56  0.0003   2979.392608  x:  0.03287   0.00000   0.00000   0.00129   0.00144   0.00000   0.00144   0.00000   0.00289   0.06030   0.00000   0.02050   0.00000   0.00848   0.01304   0.00572   0.00416   0.00000   0.00280   0.00567   0.00281   0.00000   0.00296   0.00125   0.00142   0.00000   0.00416   0.02298   0.00218   0.00505   0.02148   0.23850  
 57  0.0001   2979.384006  x:  0.03285   0.00000   0.00000   0.00128   0.00148   0.00000   0.00145   0.00000   0.00276   0.06023   0.00000   0.02035   0.00000   0.00859   0.01311   0.00574   0.00416   0.00000   0.00282   0.00572   0.00279   0.00000   0.00295   0.00134   0.00141   0.00000   0.00431   0.02318   0.00223   0.00498   0.02148   0.23861  
 58  0.0001   2979.380296  x:  0.03304   0.00000   0.00000   0.00130   0.00149   0.00000   0.00142   0.00000   0.00280   0.06028   0.00000   0.02045   0.00000   0.00863   0.01303   0.00574   0.00418   0.00000   0.00283   0.00574   0.00286   0.00000   0.00286   0.00137   0.00140   0.00000   0.00431   0.02314   0.00221   0.00493   0.02137   0.23839  
 59  0.0001   2979.376582  x:  0.03299   0.00000   0.00000   0.00124   0.00157   0.00000   0.00139   0.00000   0.00278   0.06028   0.00000   0.02040   0.00000   0.00858   0.01303   0.00573   0.00416   0.00000   0.00282   0.00572   0.00290   0.00000   0.00284   0.00139   0.00141   0.00000   0.00426   0.02306   0.00221   0.00500   0.02146   0.23831  
 60  0.0001   2979.375692  x:  0.03294   0.00000   0.00000   0.00123   0.00158   0.00000   0.00140   0.00000   0.00282   0.06021   0.00000   0.02037   0.00000   0.00855   0.01310   0.00574   0.00416   0.00000   0.00282   0.00572   0.00289   0.00000   0.00281   0.00139   0.00141   0.00000   0.00425   0.02316   0.00219   0.00497   0.02143   0.23854  
 61  0.0001   2979.375476  x:  0.03293   0.00000   0.00000   0.00122   0.00159   0.00000   0.00142   0.00000   0.00283   0.06029   0.00000   0.02041   0.00000   0.00856   0.01307   0.00574   0.00416   0.00000   0.00282   0.00572   0.00287   0.00000   0.00282   0.00140   0.00141   0.00000   0.00425   0.02313   0.00220   0.00497   0.02144   0.23845  
 62  0.0001   2979.375417  x:  0.03296   0.00000   0.00000   0.00122   0.00159   0.00000   0.00142   0.00000   0.00283   0.06025   0.00000   0.02039   0.00000   0.00856   0.01306   0.00574   0.00416   0.00000   0.00282   0.00573   0.00287   0.00000   0.00282   0.00141   0.00141   0.00000   0.00425   0.02312   0.00219   0.00498   0.02143   0.23845  
 63  0.0000   2979.375287  x:  0.03298   0.00000   0.00000   0.00123   0.00160   0.00000   0.00141   0.00000   0.00283   0.06025   0.00000   0.02040   0.00000   0.00858   0.01309   0.00574   0.00416   0.00000   0.00282   0.00572   0.00286   0.00000   0.00283   0.00140   0.00141   0.00000   0.00425   0.02312   0.00217   0.00498   0.02143   0.23841  
 64  0.0000   2979.375211  x:  0.03293   0.00000   0.00000   0.00123   0.00160   0.00000   0.00141   0.00000   0.00282   0.06028   0.00000   0.02039   0.00000   0.00857   0.01307   0.00573   0.00416   0.00000   0.00282   0.00572   0.00286   0.00000   0.00283   0.00141   0.00141   0.00000   0.00425   0.02312   0.00216   0.00498   0.02143   0.23845  
 65  0.0000   2979.375196  x:  0.03294   0.00000   0.00000   0.00123   0.00160   0.00000   0.00141   0.00000   0.00283   0.06026   0.00000   0.02039   0.00000   0.00857   0.01306   0.00574   0.00416   0.00000   0.00282   0.00572   0.00286   0.00000   0.00283   0.00141   0.00141   0.00000   0.00424   0.02313   0.00216   0.00498   0.02143   0.23845  
 66  0.0000   2979.375193  x:  0.03295   0.00000   0.00000   0.00123   0.00160   0.00000   0.00141   0.00000   0.00283   0.06026   0.00000   0.02040   0.00000   0.00856   0.01307   0.00574   0.00416   0.00000   0.00282   0.00572   0.00287   0.00000   0.00283   0.00141   0.00141   0.00000   0.00425   0.02313   0.00216   0.00498   0.02143   0.23845  
 67  0.0000   2979.375192  x:  0.03295   0.00000   0.00000   0.00123   0.00160   0.00000   0.00141   0.00000   0.00283   0.06027   0.00000   0.02040   0.00000   0.00856   0.01307   0.00574   0.00416   0.00000   0.00282   0.00572   0.00287   0.00000   0.00283   0.00141   0.00141   0.00000   0.00425   0.02313   0.00216   0.00498   0.02143   0.23845  
 68  0.0000   2979.375190  x:  0.03295   0.00000   0.00000   0.00123   0.00160   0.00000   0.00141   0.00000   0.00283   0.06026   0.00000   0.02039   0.00000   0.00857   0.01307   0.00574   0.00416   0.00000   0.00282   0.00572   0.00287   0.00000   0.00283   0.00141   0.00141   0.00000   0.00425   0.02313   0.00215   0.00498   0.02143   0.23845  
 69  0.0000   2979.375190  x:  0.03295   0.00000   0.00000   0.00123   0.00160   0.00000   0.00141   0.00000   0.00283   0.06026   0.00000   0.02039   0.00000   0.00857   0.01307   0.00574   0.00416   0.00000   0.00282   0.00572   0.00287   0.00000   0.00283   0.00141   0.00141   0.00000   0.00425   0.02313   0.00215   0.00498   0.02143   0.23845  
 70  0.0000   2979.375190  x:  0.03295   0.00000   0.00000   0.00123   0.00160   0.00000   0.00141   0.00000   0.00283   0.06026   0.00000   0.02039   0.00000   0.00857   0.01307   0.00574   0.00416   0.00000   0.00282   0.00572   0.00287   0.00000   0.00283   0.00141   0.00141   0.00000   0.00425   0.02313   0.00215   0.00498   0.02143   0.23845  