

TREE # 1

  0  0.0000   2500.355834  x:  0.04367   0.01073   0.10262   0.04341   0.01424   0.05211   0.08672   0.04816   0.03907   0.01569   0.05516   0.06428   0.04217   0.02376   0.05760   0.06069   0.07032   0.09169   0.01499   0.02208   0.10476   0.09502   0.05398   0.08804   0.04742   0.08640   0.04626   0.08807   0.06143   0.09833   0.01997   1.00000  
  1 99.0000   2367.193622  x:  0.06479   0.00000   0.09129   0.03621   0.03119   0.04128   0.07472   0.03479   0.03540   0.04907   0.04733   0.07311   0.03890   0.09432   0.06100   0.06545   0.06327   0.08146   0.01651   0.03518   0.09596   0.08546   0.04433   0.07665   0.04026   0.07902   0.04592   0.09288   0.06643   0.09581   0.14734   0.99795  
  2 2292.4213   2318.404703  x:  0.08060   0.00000   0.06393   0.01707   0.02847   0.01358   0.04517   0.00000   0.02981   0.04809   0.02601   0.09295   0.02672   0.10408   0.06203   0.07572   0.04730   0.05685   0.02107   0.04501   0.07461   0.06134   0.02251   0.04809   0.02608   0.06247   0.04436   0.09920   0.07622   0.09189   0.13793   0.99191  
  3 558.4210   2299.324111  x:  0.08128   0.00000   0.04411   0.01084   0.02794   0.00000   0.02462   0.00000   0.02973   0.04844   0.01241   0.09416   0.02196   0.10537   0.05837   0.07444   0.03736   0.03998   0.01491   0.03950   0.05941   0.04409   0.01604   0.02719   0.02349   0.05226   0.04039   0.09824   0.07539   0.08640   0.13655   0.98824  
  4 1712.0213   2285.112747  x:  0.08263   0.00000   0.02610   0.00477   0.02745   0.00051   0.00594   0.00000   0.02944   0.04867   0.00000   0.09617   0.01740   0.10695   0.05535   0.07387   0.02825   0.02461   0.01015   0.03544   0.04559   0.02842   0.00963   0.00822   0.02063   0.04287   0.03701   0.09773   0.07517   0.08157   0.13496   0.98485  
  5 5801.9916   2280.128605  x:  0.08352   0.00000   0.01775   0.00851   0.02697   0.00049   0.00439   0.00000   0.02839   0.04830   0.00131   0.09791   0.01640   0.10803   0.05398   0.07369   0.02499   0.01809   0.01303   0.03532   0.03914   0.02167   0.01091   0.00000   0.01962   0.03858   0.03587   0.09739   0.07513   0.07906   0.13415   0.98307  
  6 796.3448   2277.313810  x:  0.08418   0.00000   0.00968   0.00772   0.02630   0.00049   0.00843   0.00000   0.02736   0.04781   0.00000   0.09931   0.01514   0.10895   0.05260   0.07326   0.02224   0.01104   0.01567   0.03500   0.03266   0.01536   0.01359   0.00000   0.01955   0.03443   0.03475   0.09680   0.07485   0.07620   0.13361   0.98106  
  7 1222.1575   2276.925148  x:  0.08438   0.00000   0.01000   0.00529   0.02574   0.00049   0.00759   0.00000   0.02637   0.04697   0.00245   0.10044   0.01464   0.10935   0.05201   0.07243   0.02343   0.00970   0.01624   0.03519   0.02906   0.01588   0.01429   0.00000   0.02098   0.03264   0.03463   0.09573   0.07423   0.07319   0.13364   0.97875  
  8 124.4091   2276.339711  x:  0.08518   0.00000   0.01263   0.00645   0.02495   0.00048   0.00734   0.00000   0.02433   0.04513   0.00039   0.10292   0.01340   0.11031   0.05100   0.07086   0.02598   0.00894   0.01717   0.03614   0.02213   0.01795   0.01435   0.00000   0.02310   0.02934   0.03470   0.09337   0.07314   0.06629   0.13357   0.97305  
  9 191.1553   2275.884104  x:  0.08619   0.00000   0.01156   0.00647   0.02529   0.00049   0.00899   0.00000   0.02447   0.04337   0.00096   0.10635   0.01477   0.11168   0.04951   0.06827   0.02709   0.01179   0.01542   0.03650   0.02135   0.01717   0.01169   0.00000   0.02068   0.02871   0.03475   0.08950   0.07223   0.05624   0.13309   0.96203  
 10 86.8694   2275.545225  x:  0.08715   0.00000   0.01127   0.00608   0.02530   0.00045   0.00786   0.00000   0.02475   0.04280   0.00000   0.10882   0.01519   0.11255   0.04866   0.06672   0.02729   0.01256   0.01615   0.03714   0.02324   0.01671   0.01433   0.00000   0.01957   0.02958   0.03480   0.08671   0.07223   0.04984   0.13267   0.95212  
 11 163.8795   2274.986012  x:  0.08892   0.00000   0.01321   0.00722   0.02476   0.00046   0.00836   0.00000   0.02539   0.04449   0.00050   0.11220   0.01406   0.11310   0.04770   0.06486   0.02595   0.00779   0.01620   0.03665   0.02731   0.01635   0.01275   0.00000   0.02296   0.03242   0.03410   0.08187   0.07426   0.04385   0.13197   0.92594  
 12 121.8855   2271.493580  x:  0.09582   0.00000   0.00808   0.00812   0.02583   0.00047   0.00959   0.00000   0.02339   0.05250   0.00140   0.12130   0.00871   0.11119   0.04603   0.05846   0.02167   0.01703   0.02172   0.02503   0.02685   0.02174   0.01337   0.00000   0.03044   0.03406   0.03060   0.05821   0.09042   0.04429   0.13139   0.72973  
 13 224.0404   2266.064626  x:  0.10151   0.00000   0.01030   0.01024   0.02327   0.00047   0.01105   0.00000   0.02335   0.05559   0.00233   0.12684   0.01989   0.10689   0.04726   0.05369   0.02464   0.01657   0.01721   0.02657   0.02390   0.02113   0.01873   0.00000   0.02954   0.03275   0.02867   0.03724   0.10458   0.04911   0.13282   0.45517  
 14 1450.7755   2263.878118  x:  0.09991   0.00000   0.01018   0.01066   0.02274   0.00043   0.01154   0.00000   0.02327   0.05201   0.00320   0.12370   0.01412   0.10380   0.04476   0.05191   0.02576   0.01697   0.02071   0.02776   0.02586   0.02081   0.01754   0.00000   0.02837   0.03312   0.02889   0.04060   0.10303   0.04700   0.13571   0.34156  
 15 944.0072   2263.801730  x:  0.10004   0.00000   0.01028   0.01080   0.02246   0.00047   0.01169   0.00000   0.02106   0.05163   0.00341   0.12379   0.01427   0.10479   0.04577   0.05310   0.02411   0.01672   0.01963   0.02643   0.02600   0.02183   0.01807   0.00000   0.02786   0.03334   0.02796   0.04137   0.10185   0.04643   0.13536   0.33693  
 16 43.0104   2263.767228  x:  0.09999   0.00000   0.00972   0.01077   0.02194   0.00047   0.01163   0.00000   0.02244   0.05174   0.00335   0.12364   0.01450   0.10598   0.04678   0.05393   0.02289   0.01661   0.01959   0.02637   0.02570   0.02308   0.01802   0.00000   0.02805   0.03323   0.02773   0.04098   0.10004   0.04628   0.13482   0.33470  
 17 18.4745   2263.725553  x:  0.09993   0.00000   0.00894   0.01059   0.02301   0.00047   0.01134   0.00000   0.02166   0.05281   0.00303   0.12349   0.01429   0.10720   0.04736   0.05375   0.02319   0.01640   0.01945   0.02679   0.02589   0.02286   0.01761   0.00000   0.02845   0.03303   0.02851   0.03949   0.09719   0.04682   0.13384   0.33204  
 18 12.9469   2263.662872  x:  0.10079   0.00000   0.00966   0.01031   0.02178   0.00051   0.01107   0.00000   0.02195   0.05402   0.00267   0.12465   0.01348   0.10816   0.04682   0.05222   0.02385   0.01648   0.01903   0.02535   0.02558   0.02095   0.01741   0.00000   0.02774   0.03269   0.02783   0.03873   0.09474   0.04780   0.13336   0.32823  
 19 16.0121   2263.581879  x:  0.10119   0.00000   0.00929   0.00968   0.02227   0.00053   0.01044   0.00000   0.02165   0.05359   0.00190   0.12557   0.01464   0.10668   0.04460   0.05039   0.02231   0.01658   0.01872   0.02578   0.02486   0.02035   0.01669   0.00000   0.02842   0.03272   0.02566   0.03840   0.09459   0.04797   0.13425   0.32356  
 20 16.9910   2263.509476  x:  0.10084   0.00000   0.00877   0.00937   0.02225   0.00056   0.00995   0.00000   0.02172   0.05274   0.00147   0.12562   0.01477   0.10454   0.04350   0.05127   0.02141   0.01601   0.01775   0.02465   0.02431   0.01996   0.01638   0.00000   0.02832   0.03211   0.02767   0.03752   0.09659   0.04690   0.13579   0.31956  
 21 23.2104   2263.474969  x:  0.09990   0.00000   0.00814   0.00929   0.02211   0.00058   0.00974   0.00000   0.02167   0.05296   0.00134   0.12449   0.01409   0.10380   0.04452   0.05186   0.02239   0.01553   0.01745   0.02465   0.02437   0.01998   0.01610   0.00000   0.02767   0.03150   0.02646   0.03681   0.09850   0.04580   0.13626   0.31795  
 22 17.2056   2263.449618  x:  0.09889   0.00000   0.00875   0.00902   0.02222   0.00059   0.00967   0.00000   0.02155   0.05369   0.00138   0.12280   0.01401   0.10435   0.04574   0.05063   0.02151   0.01555   0.01773   0.02481   0.02386   0.01951   0.01592   0.00000   0.02710   0.03117   0.02667   0.03699   0.10027   0.04486   0.13587   0.31716  
 23 11.2057   2263.407171  x:  0.09872   0.00000   0.00810   0.00904   0.02163   0.00061   0.00951   0.00000   0.02144   0.05344   0.00128   0.12056   0.01434   0.10737   0.04478   0.05028   0.02225   0.01585   0.01718   0.02491   0.02352   0.01922   0.01597   0.00000   0.02809   0.03174   0.02697   0.03807   0.10255   0.04425   0.13457   0.31665  
 24  7.5446   2263.330986  x:  0.09906   0.00000   0.00947   0.00885   0.02372   0.00062   0.00957   0.00000   0.02220   0.05231   0.00149   0.11802   0.01410   0.11002   0.04237   0.05128   0.02211   0.01535   0.01738   0.02431   0.02357   0.01892   0.01613   0.00000   0.02720   0.03064   0.02623   0.03760   0.10370   0.04423   0.13341   0.31655  
 25 10.9787   2263.068233  x:  0.10014   0.00000   0.01037   0.00831   0.02033   0.00072   0.00929   0.00000   0.02016   0.05020   0.00138   0.11203   0.01457   0.11153   0.03904   0.05205   0.02079   0.01484   0.01984   0.02482   0.02452   0.01867   0.01468   0.00000   0.02522   0.02958   0.02594   0.03414   0.10263   0.04471   0.13400   0.31730  
 26 15.6027   2260.892403  x:  0.11758   0.00000   0.00981   0.00912   0.02045   0.00142   0.00884   0.00000   0.01999   0.04465   0.00369   0.09324   0.00676   0.10630   0.04260   0.05279   0.01788   0.01513   0.01662   0.03014   0.01993   0.01337   0.01650   0.00000   0.02288   0.03361   0.02575   0.03471   0.09045   0.04350   0.13903   0.32406  
 27 23.8100   2259.121135  x:  0.12714   0.00000   0.00789   0.00880   0.02292   0.00198   0.00738   0.00000   0.02010   0.04380   0.00285   0.08250   0.01233   0.10179   0.04743   0.05310   0.02130   0.01263   0.02339   0.02496   0.02012   0.01110   0.01421   0.00000   0.02265   0.03086   0.02617   0.04249   0.07915   0.04061   0.14306   0.32980  
 28 147.4262   2257.279205  x:  0.11690   0.00000   0.00453   0.00995   0.02126   0.00258   0.00729   0.00000   0.01949   0.04912   0.00293   0.08552   0.01075   0.10111   0.04353   0.05064   0.02063   0.01002   0.02074   0.02760   0.02452   0.01554   0.01542   0.00000   0.01982   0.01908   0.02796   0.05103   0.07066   0.04149   0.14570   0.33530  
 29 76.8712   2254.917994  x:  0.08421   0.00000   0.00389   0.01003   0.02147   0.00330   0.00637   0.00000   0.01865   0.05038   0.00186   0.09721   0.00977   0.10424   0.03968   0.05539   0.02102   0.00726   0.02379   0.02896   0.01938   0.01324   0.01465   0.00000   0.01390   0.02537   0.02804   0.05683   0.05895   0.04488   0.15069   0.34251  
 30 136.9942   2254.516737  x:  0.07747   0.00000   0.00488   0.01000   0.02108   0.00343   0.00612   0.00000   0.01845   0.04770   0.00162   0.09999   0.00950   0.10555   0.04119   0.05740   0.02013   0.00909   0.02414   0.02962   0.02036   0.00910   0.01456   0.00000   0.01669   0.02347   0.02739   0.05729   0.05695   0.04564   0.15206   0.34376  
 31 125.6369   2254.465079  x:  0.07660   0.00000   0.00442   0.01018   0.02134   0.00344   0.00604   0.00000   0.01849   0.04473   0.00152   0.10087   0.00908   0.10645   0.04249   0.05561   0.02038   0.00828   0.02413   0.02915   0.02096   0.00956   0.01446   0.00000   0.01648   0.02332   0.02762   0.05689   0.05704   0.04670   0.15252   0.34397  
 32 24.4896   2252.349146  x:  0.06972   0.00000   0.01079   0.01073   0.02090   0.00390   0.00718   0.00000   0.02142   0.03852   0.00114   0.09169   0.01434   0.11500   0.04230   0.06021   0.01936   0.00802   0.01865   0.03564   0.01941   0.01333   0.01466   0.00000   0.01684   0.02444   0.02859   0.07116   0.06858   0.05337   0.16633   0.33287  
 33  0.0307   2250.744870  x:  0.08226   0.00000   0.00896   0.01117   0.02198   0.00392   0.00703   0.00000   0.02265   0.04088   0.00000   0.09222   0.01427   0.11985   0.04341   0.06084   0.01943   0.00925   0.01597   0.03666   0.01921   0.01165   0.01344   0.00000   0.01852   0.02653   0.02873   0.08023   0.06462   0.05286   0.17818   0.33464  
 34  0.0259   2248.224501  x:  0.08753   0.00000   0.00304   0.01585   0.02535   0.00513   0.00955   0.00000   0.02402   0.05230   0.00194   0.10871   0.01215   0.13770   0.05064   0.06434   0.02468   0.01455   0.02106   0.03788   0.02124   0.01075   0.01544   0.00000   0.02157   0.03147   0.03095   0.11048   0.06802   0.05010   0.22554   0.36425  
 35  0.0499   2247.031954  x:  0.09420   0.00000   0.00972   0.01510   0.02652   0.00530   0.00751   0.00000   0.02367   0.05427   0.00027   0.11456   0.01267   0.15051   0.05354   0.06634   0.02373   0.01081   0.02146   0.03824   0.02244   0.00900   0.01487   0.00000   0.01774   0.02834   0.03134   0.11932   0.07008   0.05597   0.25599   0.37185  
 36  0.0310   2246.711797  x:  0.09376   0.00000   0.00978   0.01504   0.02653   0.00537   0.00727   0.00000   0.02372   0.05425   0.00000   0.11610   0.01312   0.15338   0.05369   0.06772   0.02317   0.01086   0.02164   0.03882   0.02243   0.01126   0.01512   0.00000   0.01931   0.02885   0.03174   0.11994   0.07050   0.05726   0.26311   0.37245  
 37  0.0237   2245.955328  x:  0.09333   0.00000   0.00794   0.01492   0.02532   0.00527   0.00767   0.00000   0.02418   0.05261   0.00028   0.11806   0.01512   0.16702   0.05247   0.07350   0.02085   0.01121   0.02248   0.04248   0.02210   0.01282   0.01733   0.00000   0.02162   0.02975   0.03311   0.11512   0.08028   0.06409   0.30197   0.35342  
 38  0.0364   2245.619552  x:  0.09504   0.00000   0.00927   0.01410   0.02638   0.00517   0.00878   0.00000   0.02532   0.05372   0.00038   0.12263   0.01461   0.17243   0.05389   0.07262   0.02418   0.01246   0.02396   0.04270   0.02492   0.01482   0.01725   0.00000   0.02172   0.03134   0.03363   0.10605   0.07573   0.06314   0.32057   0.36833  
 39  0.0159   2245.472848  x:  0.09548   0.00000   0.00894   0.01271   0.02682   0.00468   0.00799   0.00000   0.02521   0.05585   0.00000   0.12041   0.01397   0.17194   0.05347   0.07199   0.02386   0.01158   0.02414   0.04200   0.02334   0.01333   0.01642   0.00000   0.02113   0.03037   0.03272   0.09601   0.07692   0.06149   0.32539   0.36608  
 40  0.0083   2245.447825  x:  0.09760   0.00000   0.00905   0.01287   0.02653   0.00453   0.00821   0.00000   0.02478   0.05542   0.00056   0.11960   0.01407   0.16975   0.05341   0.07140   0.02334   0.01176   0.02383   0.04179   0.02316   0.01226   0.01682   0.00000   0.02072   0.03020   0.03244   0.09312   0.07610   0.06085   0.32384   0.36285  
 41  0.0053   2245.444212  x:  0.09782   0.00000   0.00916   0.01301   0.02651   0.00447   0.00820   0.00000   0.02476   0.05548   0.00046   0.11952   0.01401   0.16896   0.05320   0.07139   0.02329   0.01199   0.02368   0.04171   0.02348   0.01197   0.01666   0.00000   0.02083   0.03038   0.03250   0.09346   0.07661   0.06095   0.32324   0.36431  
 42  0.0014   2245.442210  x:  0.09758   0.00000   0.00930   0.01319   0.02650   0.00438   0.00820   0.00000   0.02482   0.05530   0.00037   0.11956   0.01397   0.16853   0.05310   0.07148   0.02341   0.01204   0.02374   0.04170   0.02330   0.01200   0.01657   0.00000   0.02098   0.03034   0.03253   0.09338   0.07599   0.06105   0.32417   0.36359  
 43  0.0006   2245.440827  x:  0.09734   0.00000   0.00919   0.01336   0.02651   0.00426   0.00817   0.00000   0.02482   0.05546   0.00040   0.11950   0.01406   0.16839   0.05330   0.07157   0.02330   0.01194   0.02365   0.04173   0.02328   0.01207   0.01669   0.00000   0.02095   0.03032   0.03251   0.09343   0.07631   0.06114   0.32517   0.36417  
 44  0.0005   2245.440139  x:  0.09726   0.00000   0.00914   0.01334   0.02652   0.00418   0.00817   0.00000   0.02480   0.05540   0.00042   0.11946   0.01401   0.16834   0.05328   0.07142   0.02334   0.01192   0.02374   0.04169   0.02343   0.01212   0.01665   0.00000   0.02083   0.03032   0.03250   0.09378   0.07628   0.06097   0.32485   0.36345  
 45  0.0005   2245.439841  x:  0.09728   0.00000   0.00915   0.01325   0.02652   0.00413   0.00819   0.00000   0.02481   0.05537   0.00042   0.11958   0.01404   0.16844   0.05322   0.07134   0.02340   0.01194   0.02375   0.04170   0.02333   0.01210   0.01667   0.00000   0.02087   0.03033   0.03253   0.09387   0.07621   0.06096   0.32446   0.36406  
 46  0.0004   2245.439789  x:  0.09723   0.00000   0.00917   0.01321   0.02651   0.00412   0.00819   0.00000   0.02481   0.05539   0.00042   0.11951   0.01405   0.16852   0.05321   0.07140   0.02336   0.01195   0.02374   0.04174   0.02335   0.01208   0.01668   0.00000   0.02089   0.03033   0.03252   0.09382   0.07618   0.06101   0.32443   0.36391  
 47  0.0002   2245.439787  x:  0.09724   0.00000   0.00918   0.01321   0.02651   0.00412   0.00819   0.00000   0.02481   0.05539   0.00042   0.11952   0.01405   0.16853   0.05322   0.07142   0.02337   0.01195   0.02374   0.04175   0.02335   0.01208   0.01668   0.00000   0.02089   0.03033   0.03252   0.09385   0.07620   0.06101   0.32443   0.36390  
 48  0.0000   2245.439787  x:  0.09724   0.00000   0.00918   0.01321   0.02651   0.00412   0.00819   0.00000   0.02481   0.05539   0.00042   0.11952   0.01405   0.16853   0.05323   0.07142   0.02337   0.01195   0.02374   0.04175   0.02335   0.01208   0.01668   0.00000   0.02089   0.03033   0.03252   0.09385   0.07620   0.06101   0.32444   0.36391  
 49  0.0000   2245.439787  x:  0.09724   0.00000   0.00918   0.01321   0.02651   0.00412   0.00819   0.00000   0.02481   0.05539   0.00042   0.11952   0.01405   0.16853   0.05323   0.07142   0.02337   0.01195   0.02374   0.04175   0.02335   0.01208   0.01668   0.00000   0.02089   0.03033   0.03252   0.09385   0.07620   0.06101   0.32445   0.36390  
 50  0.0000   2245.439787  x:  0.09724   0.00000   0.00918   0.01321   0.02651   0.00412   0.00819   0.00000   0.02481   0.05539   0.00042   0.11952   0.01405   0.16853   0.05323   0.07142   0.02337   0.01195   0.02374   0.04175   0.02335   0.01208   0.01668   0.00000   0.02089   0.03033   0.03252   0.09385   0.07620   0.06101   0.32445   0.36390  
 51  0.0000   2245.439787  x:  0.09724   0.00000   0.00918   0.01321   0.02651   0.00412   0.00819   0.00000   0.02481   0.05539   0.00042   0.11952   0.01405   0.16853   0.05323   0.07142   0.02337   0.01195   0.02374   0.04175   0.02335   0.01208   0.01668   0.00000   0.02089   0.03033   0.03252   0.09385   0.07620   0.06101   0.32445   0.36390  
 52  0.0000   2245.439787  x:  0.09724   0.00000   0.00918   0.01321   0.02651   0.00412   0.00819   0.00000   0.02481   0.05539   0.00042   0.11952   0.01405   0.16853   0.05323   0.07142   0.02337   0.01195   0.02374   0.04175   0.02335   0.01208   0.01668   0.00000   0.02089   0.03033   0.03252   0.09385   0.07620   0.06101   0.32445   0.36390  
 53  0.0000   2245.439787  x:  0.09724   0.00000   0.00918   0.01321   0.02651   0.00412   0.00819   0.00000   0.02481   0.05539   0.00042   0.11952   0.01405   0.16853   0.05323   0.07142   0.02337   0.01195   0.02374   0.04175   0.02335   0.01208   0.01668   0.00000   0.02089   0.03033   0.03252   0.09385   0.07620   0.06101   0.32445   0.36390  